desc: I1 cache:         32768 B, 64 B, 8-way associative
desc: D1 cache:         32768 B, 64 B, 8-way associative
desc: LL cache:         16777216 B, 64 B, 16-way associative
cmd: ./poisson -n 51 -i 10
events: Ir I1mr ILmr Dr D1mr DLmr Dw D1mw DLmw 
fl=/buildstream-build/csu/../sysdeps/x86_64/start.S
fn=(below main)
57 1 1 1 0 0 0 0 0 0
62 1 0 0 0 0 0 0 0 0
78 1 0 0 0 0 0 0 0 0
84 1 0 0 1 0 0 0 0 0
87 1 0 0 0 0 0 0 0 0
89 1 0 0 0 0 0 0 0 0
92 1 0 0 0 0 0 1 0 0
96 1 0 0 0 0 0 1 0 0
99 1 0 0 0 0 0 0 0 0
100 1 0 0 0 0 0 0 0 0
103 1 0 0 0 0 0 0 0 0
115 1 0 0 1 0 0 1 0 0
fl=/buildstream-build/csu/gmon-start.c
fn=__gmon_start__
69 3 1 1 0 0 0 1 0 0
74 3 0 0 1 0 0 0 0 0
77 1 0 0 0 0 0 1 0 0
80 3 0 0 0 0 0 1 0 0
84 2 0 0 1 0 0 0 0 0
85 1 0 0 1 0 0 0 0 0
fl=/buildstream-build/stdlib/atexit.c
fn=atexit
45 1 1 1 0 0 0 0 0 0
46 3 0 0 1 1 0 0 0 0
fl=/file/UsersO/oha49/Home/ENCE464 Assignment 2/ence464-assignment-2025/main.c
fn=main
22 6 1 1 0 0 0 4 0 0
24 1 0 0 0 0 0 1 0 0
25 1 0 0 0 0 0 1 0 0
26 1 0 0 0 0 0 1 0 0
27 2 0 0 1 1 1 1 0 0
28 1 0 0 0 0 0 1 0 0
29 1 1 1 0 0 0 1 0 0
34 28 1 1 9 0 0 6 0 0
36 24 0 0 4 1 1 0 0 0
43 4 1 1 1 0 0 2 0 0
44 1 0 0 0 0 0 0 0 0
46 4 0 0 1 0 0 2 0 0
47 1 0 0 0 0 0 0 0 0
70 4 1 1 1 0 0 0 0 0
77 8 1 1 2 0 0 2 0 0
78 2 0 0 1 0 0 0 0 0
83 6 1 1 3 0 0 1 0 0
86 10 0 0 6 0 0 2 0 0
89 209 2 2 155 0 0 1 0 0
91 10659 0 0 7905 0 0 51 0 0
93 59823 0 0 18207 326 326 2601 0 0
95 102 0 0 0 0 0 51 0 0
98 3 0 0 1 0 0 1 0 0
99 3 0 0 1 0 0 1 0 0
101 1 0 0 0 0 0 0 0 0
102 2 0 0 2 0 0 0 0 0
fn=populate_source_cube
105 10 2 2 1 0 0 6 0 0
110 2 0 0 1 0 0 0 0 0
112 28 1 1 7 0 0 1 1 1
132 5 1 1 4 0 0 0 0 0
fl=/file/UsersO/oha49/Home/ENCE464 Assignment 2/ence464-assignment-2025/poisson.c
fn=run_poisson
40 11 0 0 0 0 0 8 0 0
41 2 0 0 1 0 0 0 0 0
52 8 2 2 2 0 0 2 0 0
53 8 0 0 2 0 0 2 0 0
56 4 0 0 2 0 0 0 0 0
66 3 1 1 1 0 0 1 0 0
68 2 0 0 1 0 0 0 0 0
73 1 0 0 1 0 0 0 0 0
74 2 0 0 2 0 0 0 0 0
fl=/usr/lib/debug/source/bootstrap/glibc.bst/elf/../bits/stdlib-bsearch.h
fn=intel_check_word.constprop.0
27 96 0 0 0 0 0 0 0 0
28 48 0 0 0 0 0 0 0 0
29 744 0 0 0 0 0 0 0 0
31 648 0 0 0 0 0 0 0 0
32 348 0 0 0 0 0 0 0 0
35 264 0 0 0 0 0 0 0 0
37 120 1 1 0 0 0 0 0 0
fl=/usr/lib/debug/source/bootstrap/glibc.bst/elf/../elf/dl-tls.c
fn=_dl_add_to_slotinfo
1128 8 1 1 0 0 0 4 0 0
1129 4 0 0 2 0 0 0 0 0
1137 1 0 0 1 0 0 0 0 0
1140 1 0 0 1 1 0 0 0 0
1141 1 0 0 0 0 0 0 0 0
1145 3 1 1 1 0 0 0 0 0
1181 2 0 0 0 0 0 0 0 0
1184 2 1 1 0 0 0 1 1 0
1185 3 0 0 1 0 0 1 0 0
1187 2 0 0 1 0 0 0 0 0
1190 1 0 0 0 0 0 0 0 0
1191 6 0 0 5 0 0 0 0 0
fn=_dl_allocate_tls_init
563 11 1 1 0 0 0 8 0 0
564 2 0 0 0 0 0 0 0 0
568 2 0 0 1 1 0 1 0 0
570 1 0 0 0 0 0 0 0 0
571 1 0 0 0 0 0 0 0 0
574 2 0 0 1 1 0 1 0 0
577 3 1 1 2 1 0 0 0 0
589 1 0 0 1 0 0 0 0 0
594 18 1 1 2 0 0 1 0 0
600 4 1 1 0 0 0 0 0 0
603 3 0 0 1 0 0 0 0 0
604 2 0 0 0 0 0 0 0 0
610 3 1 1 2 0 0 0 0 0
611 2 0 0 0 0 0 0 0 0
613 12 1 1 3 1 0 1 0 0
616 2 0 0 0 0 0 0 0 0
617 2 0 0 1 0 0 0 0 0
620 2 0 0 0 0 0 0 0 0
621 4 0 0 2 0 0 0 0 0
623 2 0 0 0 0 0 0 0 0
624 2 0 0 1 0 0 0 0 0
633 1 0 0 0 0 0 1 0 0
643 2 1 1 1 0 0 0 0 0
645 11 0 0 3 0 0 4 0 0
648 2 0 0 1 0 0 0 0 0
649 1 0 0 1 0 0 0 0 0
653 1 0 0 1 0 0 0 0 0
659 2 0 0 1 0 0 1 0 0
662 2 0 0 1 0 0 1 0 0
665 9 1 1 8 0 0 0 0 0
fn=_dl_allocate_tls_storage
88 1 1 1 2 0 0 0 0 0
94 1 0 0 2 0 0 0 0 0
442 7 1 1 0 0 0 4 0 0
444 1 0 0 1 0 0 0 0 0
455 1 0 0 1 0 0 0 0 0
459 1 0 0 0 0 0 0 0 0
460 2 0 0 0 0 0 0 0 0
471 6 0 0 0 0 0 0 0 0
472 1 0 0 0 0 0 0 0 0
476 305 1 1 0 0 0 297 37 37
495 1 0 0 0 0 0 1 1 1
497 2 0 0 0 0 0 1 0 0
498 2 0 0 0 0 0 0 0 0
503 6 1 1 5 0 0 0 0 0
fn=_dl_assign_tls_modid
150 3 1 1 0 0 0 1 0 0
153 3 0 0 2 0 0 0 0 0
206 1 0 0 0 0 0 0 0 0
208 1 0 0 0 0 0 1 0 0
211 1 0 0 0 0 0 1 0 0
212 2 0 0 2 0 0 0 0 0
fn=_dl_count_modids
217 1 1 1 0 0 0 0 0 0
219 2 0 0 1 0 0 0 0 0
220 1 0 0 1 0 0 0 0 0
235 2 0 0 1 0 0 0 0 0
fn=_dl_determine_tlsoffset
241 9 2 2 0 0 0 6 0 0
242 1 0 0 0 0 0 0 0 0
243 1 0 0 0 0 0 0 0 0
244 1 0 0 0 0 0 0 0 0
247 4 0 0 1 0 0 1 0 0
250 3 0 0 2 0 0 0 0 0
284 1 1 1 0 0 0 0 0 0
286 12 0 0 4 1 1 0 0 0
288 5 1 1 2 0 0 1 0 0
290 3 0 0 1 0 0 0 0 0
291 2 0 0 1 0 0 0 0 0
293 2 0 0 0 0 0 0 0 0
295 5 1 1 1 0 0 0 0 0
306 1 0 0 0 0 0 1 0 0
311 8 0 0 0 0 0 0 0 0
313 2 0 0 0 0 0 0 0 0
314 1 0 0 0 0 0 0 0 0
319 1 0 0 0 0 0 0 0 0
326 1 0 0 0 0 0 1 0 0
327 7 2 2 1 0 0 0 0 0
329 2 0 0 0 0 0 1 0 0
379 1 0 0 0 0 0 1 0 0
380 8 0 0 7 0 0 0 0 0
fn=_dl_tls_initial_modid_limit_setup
1090 1 1 1 0 0 0 0 0 0
1091 1 0 0 1 0 0 0 0 0
1093 7 0 0 1 0 0 0 0 0
1095 6 1 1 2 0 0 0 0 0
1096 4 0 0 0 0 0 0 0 0
1099 2 0 0 1 0 0 0 0 0
1102 1 0 0 0 0 0 1 0 0
1103 1 0 0 1 0 0 0 0 0
fn=_dl_tls_static_surplus_init
108 3 0 0 0 0 0 0 0 0
122 8 1 1 0 0 0 4 0 0
125 6 1 1 1 0 0 1 0 0
126 5 0 0 1 0 0 1 0 0
127 3 0 0 0 0 0 0 0 0
129 4 1 1 0 0 0 0 0 0
132 1 0 0 0 0 0 0 0 0
134 1 0 0 0 0 0 1 0 0
136 3 0 0 0 0 0 1 0 0
137 6 0 0 5 0 0 0 0 0
fn=allocate_dtv
385 5 1 1 0 0 0 3 0 0
390 1 0 0 1 0 0 0 0 0
394 1 0 0 0 0 0 0 0 0
395 1 0 0 0 0 0 0 0 0
396 2 0 0 0 0 0 0 0 0
399 1 0 0 0 0 0 1 1 1
405 3 0 0 0 0 0 1 0 0
411 4 0 0 4 0 0 0 0 0
fl=/usr/lib/debug/source/bootstrap/glibc.bst/elf/../include/list.h
fn=__tls_init_tp
43 2 0 0 1 1 0 1 0 0
44 2 0 0 0 0 0 1 0 0
45 1 0 0 0 0 0 1 0 0
47 1 0 0 0 0 0 1 0 0
fl=/usr/lib/debug/source/bootstrap/glibc.bst/elf/../include/rtld-malloc.h
fn=__minimal_calloc
56 8 0 0 8 0 0 0 0 0
fn=_dl_allocate_tls_storage
56 1 0 0 1 0 0 1 0 0
fn=_dl_check_map_versions
44 9 0 0 3 0 0 3 0 0
fn=_dl_find_object_init
56 2 0 0 1 1 0 1 0 0
fn=_dl_important_hwcaps
56 4 0 0 2 0 0 2 0 0
fn=_dl_init_paths
56 5 2 2 3 0 0 3 0 0
fn=_dl_map_object_deps
56 6 0 0 3 0 0 3 0 0
fn=_dl_new_object
44 9 0 0 3 0 0 3 0 0
56 6 0 0 2 0 0 2 0 0
fn=allocate_dtv
44 2 1 1 1 0 0 1 0 0
fn=fillin_rpath.isra.0
50 2 1 1 2 0 0 1 0 0
51 1 0 0 0 0 0 0 0 0
56 2 0 0 1 0 0 1 0 0
fn=init_tls
44 2 0 0 1 0 0 1 0 0
fl=/usr/lib/debug/source/bootstrap/glibc.bst/elf/../include/scratch_buffer.h
fn=_dl_map_object_deps
77 2 0 0 0 0 0 1 1 1
78 1 0 0 0 0 0 1 0 0
85 3 1 1 1 0 0 0 0 0
131 8 0 0 0 0 0 4 0 0
fl=/usr/lib/debug/source/bootstrap/glibc.bst/elf/../misc/sbrk.c
fn=sbrk
37 6 1 1 0 0 0 3 0 0
40 1 0 0 1 0 0 0 0 0
58 2 0 0 0 0 0 0 0 0
62 2 0 0 0 0 0 0 0 0
78 5 1 1 4 0 0 0 0 0
fl=/usr/lib/debug/source/bootstrap/glibc.bst/elf/../sysdeps/generic/_itoa.h
fn=_dl_check_map_versions
76 6 0 0 2 0 0 4 0 0
fl=/usr/lib/debug/source/bootstrap/glibc.bst/elf/../sysdeps/generic/dl-cache.h
fn=_dl_load_cache_lookup
194 1 0 0 1 0 0 0 0 0
195 5 0 0 0 0 0 0 0 0
fn=search_cache
125 1 0 0 1 0 0 0 0 0
fl=/usr/lib/debug/source/bootstrap/glibc.bst/elf/../sysdeps/generic/dl-call_tls_init_tp.h
fn=init_tls
31 8 0 0 0 0 0 2 0 0
33 1 0 0 0 0 0 1 0 0
fl=/usr/lib/debug/source/bootstrap/glibc.bst/elf/../sysdeps/generic/dl-debug.h
fn=dl_main
29 3 0 0 1 0 0 0 0 0
30 1 0 0 0 0 0 1 0 0
fl=/usr/lib/debug/source/bootstrap/glibc.bst/elf/../sysdeps/generic/dl-hash.h
fn=__rtld_malloc_init_real
43 7 0 0 0 0 0 0 0 0
44 1 0 0 0 0 0 0 0 0
45 19 0 0 6 1 1 0 0 0
48 18 1 1 0 0 0 0 0 0
62 24 0 0 0 0 0 0 0 0
67 1 0 0 0 0 0 0 0 0
72 1 1 1 0 0 0 1 0 0
fl=/usr/lib/debug/source/bootstrap/glibc.bst/elf/../sysdeps/generic/dl-new-hash.h
fn=_dl_lookup_symbol_x
69 107 0 0 0 0 0 0 0 0
70 214 0 0 0 0 0 0 0 0
74 834 0 0 834 95 95 0 0 0
77 1668 0 0 0 0 0 0 0 0
80 774 1 1 774 10 10 0 0 0
81 1548 0 0 0 0 0 0 0 0
87 47 1 1 0 0 0 0 0 0
88 47 0 0 0 0 0 0 0 0
89 94 0 0 0 0 0 0 0 0
90 47 1 1 0 0 0 0 0 0
99 727 0 0 0 0 0 0 0 0
101 727 0 0 0 0 0 0 0 0
102 1454 0 0 0 0 0 0 0 0
104 727 0 0 0 0 0 0 0 0
105 727 0 0 0 0 0 0 0 0
fl=/usr/lib/debug/source/bootstrap/glibc.bst/elf/../sysdeps/generic/dl-protected.h
fn=do_lookup_x
29 416 0 0 107 0 0 107 0 0
fl=/usr/lib/debug/source/bootstrap/glibc.bst/elf/../sysdeps/generic/ldsodefs.h
fn=_dl_new_object
1328 48 0 0 0 0 0 0 0 0
fn=_dl_relocate_object
79 23 2 2 9 0 0 0 0 0
140 303 1 1 101 0 0 0 0 0
fn=_dl_start
79 5 1 1 2 0 0 0 0 0
fn=do_lookup_x
139 202 1 1 101 0 0 0 0 0
140 303 0 0 0 0 0 0 0 0
fl=/usr/lib/debug/source/bootstrap/glibc.bst/elf/../sysdeps/nptl/dl-mutex.c
fn=__rtld_mutex_init
30 7 1 1 0 0 0 4 0 0
37 1 0 0 1 0 0 0 0 0
40 7 1 1 0 0 0 1 0 0
44 2 0 0 0 0 0 0 0 0
45 9 0 0 3 0 0 1 0 0
47 6 1 1 0 0 0 1 0 0
51 2 0 0 0 0 0 0 0 0
52 7 0 0 3 0 0 1 0 0
53 6 1 1 5 0 0 0 0 0
fl=/usr/lib/debug/source/bootstrap/glibc.bst/elf/../sysdeps/nptl/dl-tls_init_tp.c
fn=__tls_init_tp
67 5 1 0 0 0 0 2 0 0
68 1 1 1 1 0 0 0 0 0
71 1 0 0 0 0 0 0 0 0
74 4 0 0 0 0 0 1 0 0
75 2 1 1 0 0 0 1 0 0
76 1 0 0 0 0 0 1 0 0
81 2 0 0 1 0 0 1 0 0
86 4 1 1 0 0 0 1 0 0
89 1 0 0 0 0 0 1 0 0
92 3 0 0 0 0 0 0 0 0
104 4 0 0 0 0 0 1 0 0
114 2 0 0 1 0 0 1 0 0
121 2 0 0 1 0 0 1 0 0
122 3 0 0 3 0 0 0 0 0
fn=__tls_pre_init_tp
52 3 1 1 0 0 0 0 0 0
55 10 1 1 0 0 0 3 1 1
60 2 0 0 0 0 0 1 0 0
61 1 0 0 0 0 0 1 0 0
63 1 0 0 1 0 0 0 0 0
fn=rtld_mutex_dummy
43 8 1 1 0 0 0 0 0 0
45 16 0 0 8 0 0 0 0 0
fl=/usr/lib/debug/source/bootstrap/glibc.bst/elf/../sysdeps/posix/dl-fileid.h
fn=_dl_map_object_from_fd
37 10 1 1 2 0 0 2 1 1
40 4 1 1 2 0 0 2 0 0
49 12 0 0 6 1 1 0 0 0
fl=/usr/lib/debug/source/bootstrap/glibc.bst/elf/../sysdeps/unix/sysv/linux/brk.c
fn=brk
36 1 1 1 0 0 0 0 0 0
37 1 0 0 0 0 0 1 1 1
38 2 0 0 0 0 0 0 0 0
44 1 0 0 0 0 0 0 0 0
45 1 0 0 1 0 0 0 0 0
fl=/usr/lib/debug/source/bootstrap/glibc.bst/elf/../sysdeps/unix/sysv/linux/brk_call.h
fn=brk
24 2 0 0 0 0 0 0 0 0
fl=/usr/lib/debug/source/bootstrap/glibc.bst/elf/../sysdeps/unix/sysv/linux/dl-osinfo.h
fn=dl_main
39 2 0 0 1 0 0 0 0 0
52 1 1 1 1 0 0 0 0 0
fl=/usr/lib/debug/source/bootstrap/glibc.bst/elf/../sysdeps/unix/sysv/linux/dl-parse_auxv.h
fn=_dl_sysdep_parse_arguments
32 2 0 0 0 0 0 1 0 0
33 1 1 1 0 0 0 1 0 0
34 1 0 0 0 0 0 1 0 0
41 93 1 1 24 6 6 0 0 0
42 44 0 0 0 0 0 0 0 0
43 44 0 0 22 0 0 22 0 0
45 1 0 0 0 0 0 1 0 0
46 2 0 0 1 0 0 1 0 0
47 3 1 1 2 0 0 1 1 1
48 2 0 0 1 0 0 1 0 0
49 2 0 0 1 0 0 1 1 1
50 2 1 1 1 0 0 1 0 0
51 2 0 0 1 0 0 1 0 0
52 2 0 0 1 0 0 1 0 0
53 2 0 0 1 0 0 1 0 0
54 2 0 0 1 0 0 1 0 0
56 2 0 0 1 0 0 1 0 0
fl=/usr/lib/debug/source/bootstrap/glibc.bst/elf/../sysdeps/unix/sysv/linux/dl-sysdep.c
fn=_dl_sysdep_parse_arguments
79 9 1 1 0 0 0 6 1 1
80 2 0 0 1 1 1 1 0 0
81 2 0 0 0 0 0 1 0 0
82 3 0 0 0 0 0 1 1 1
83 78 1 1 0 0 0 0 0 0
84 158 0 0 79 10 10 0 0 0
87 2 0 0 0 0 0 1 1 1
91 56 0 0 0 0 0 52 7 7
94 2 0 0 1 0 0 1 0 0
95 2 0 0 1 0 0 1 0 0
96 2 0 0 1 0 0 1 0 0
97 8 1 1 7 0 0 0 0 0
fn=_dl_sysdep_start
103 6 1 1 0 0 0 2 1 1
104 1 0 0 0 0 0 1 0 0
107 2 0 0 0 0 0 1 0 0
111 2 0 0 1 0 0 1 0 0
114 1 1 1 0 0 0 1 0 0
116 2 0 0 0 0 0 1 0 0
123 3 0 0 1 0 0 0 0 0
124 2 0 0 0 0 0 2 0 0
126 5 0 0 0 0 0 1 0 0
138 3 1 1 1 0 0 0 0 0
141 5 0 0 3 0 0 1 0 0
144 4 1 0 4 1 0 0 0 0
fn=_dl_sysdep_start_cleanup
148 1 1 1 0 0 0 0 0 0
149 1 0 0 1 0 0 0 0 0
fl=/usr/lib/debug/source/bootstrap/glibc.bst/elf/../sysdeps/unix/sysv/linux/dl-vdso-setup.h
fn=dl_main
30 1 0 0 0 0 0 1 0 0
33 1 1 1 0 0 0 1 0 0
36 1 0 0 0 0 0 1 0 0
39 1 0 0 0 0 0 1 0 0
45 1 0 0 0 0 0 1 0 0
fl=/usr/lib/debug/source/bootstrap/glibc.bst/elf/../sysdeps/unix/sysv/linux/dl-vdso.h
fn=dl_main
40 2 1 1 1 0 0 0 0 0
41 5 0 0 0 0 0 2 0 0
55 2 0 0 0 0 0 0 0 0
fl=/usr/lib/debug/source/bootstrap/glibc.bst/elf/../sysdeps/unix/sysv/linux/rseq-internal.h
fn=__tls_init_tp
41 4 0 0 1 0 0 0 0 0
50 4 1 1 1 0 0 0 0 0
56 4 0 0 0 0 0 1 0 0
60 1 1 1 0 0 0 1 0 0
62 5 0 0 0 0 0 0 0 0
64 2 0 0 0 0 0 0 0 0
69 1 0 0 0 0 0 1 0 0
fl=/usr/lib/debug/source/bootstrap/glibc.bst/elf/../sysdeps/unix/sysv/linux/x86/dl-hwcap2.h
fn=update_active.constprop.0
25 2 1 1 1 0 0 0 0 0
fl=/usr/lib/debug/source/bootstrap/glibc.bst/elf/../sysdeps/unix/sysv/linux/x86/dl-minsigstacksize.h
fn=get_common_indices.constprop.0
24 2 1 1 1 0 0 0 0 0
27 2 0 0 1 0 0 0 0 0
28 2 1 1 1 0 0 0 0 0
65 3 0 0 0 0 0 0 0 0
72 1 0 0 0 0 0 0 0 0
74 1 0 0 0 0 0 1 0 0
fl=/usr/lib/debug/source/bootstrap/glibc.bst/elf/../sysdeps/x86/cpu-features.c
fn=get_common_indices.constprop.0
431 3 1 1 0 0 0 2 0 0
435 4 0 0 0 0 0 0 0 0
438 5 1 1 0 0 0 3 1 1
442 1 0 0 0 0 0 1 0 0
443 4 0 0 0 0 0 1 0 0
444 4 0 0 0 0 0 1 0 0
445 4 1 1 0 0 0 1 0 0
446 3 0 0 0 0 0 1 0 0
447 2 0 0 1 0 0 0 0 0
454 2 0 0 1 0 0 0 0 0
456 9 1 1 0 0 0 4 0 0
461 8 0 0 0 0 0 4 1 1
468 2 0 0 1 0 0 0 0 0
469 7 0 0 0 0 0 4 1 1
475 2 1 1 1 0 0 0 0 0
490 3 0 0 3 0 0 0 0 0
fn=init_cpu_features.constprop.0
409 3 0 0 0 0 0 0 0 0
410 2 0 0 0 0 0 0 0 0
411 6 0 0 0 0 0 4 0 0
416 2 0 0 0 0 0 0 0 0
417 6 1 1 0 0 0 4 1 1
422 2 0 0 0 0 0 0 0 0
423 6 1 1 0 0 0 4 0 0
563 4 0 0 1 1 1 0 0 0
724 8 1 1 0 0 0 6 0 0
727 1 0 0 0 0 0 1 0 0
728 1 0 0 0 0 0 1 0 0
729 1 0 0 0 0 0 1 0 0
736 1 0 0 1 1 1 0 0 0
738 1 0 0 0 0 0 1 1 1
747 3 1 1 0 0 0 1 0 0
750 6 0 0 0 0 0 0 0 0
751 1 0 0 0 0 0 0 0 0
754 1 0 0 0 0 0 0 0 0
756 6 1 1 0 0 0 1 0 0
761 1 0 0 0 0 0 1 0 0
765 1 0 0 1 0 0 0 0 0
766 3 0 0 0 0 0 1 0 0
769 3 1 1 1 0 0 0 0 0
771 4 1 1 2 0 0 1 0 0
777 5 0 0 0 0 0 0 0 0
784 1 0 0 1 0 0 0 0 0
805 1 0 0 1 0 0 0 0 0
807 2 0 0 1 0 0 1 0 0
814 2 1 1 0 0 0 0 0 0
817 2 0 0 0 0 0 1 0 0
886 2 0 0 1 0 0 0 0 0
893 2 1 1 0 0 0 1 0 0
897 1 0 0 0 0 0 0 0 0
911 1 1 1 0 0 0 1 0 0
912 2 0 0 0 0 0 0 0 0
951 2 0 0 1 0 0 0 0 0
958 2 0 0 1 0 0 0 0 0
960 2 1 1 0 0 0 1 0 0
964 2 0 0 0 0 0 0 0 0
970 2 0 0 1 0 0 0 0 0
1099 3 1 1 1 0 0 0 0 0
1100 2 0 0 0 0 0 1 0 0
1103 2 0 0 0 0 0 0 0 0
1104 2 0 0 0 0 0 1 0 0
1110 1 0 0 0 0 0 1 0 0
1111 1 1 1 0 0 0 1 0 0
1112 1 0 0 0 0 0 1 0 0
1113 1 0 0 0 0 0 1 0 0
1117 4 1 1 0 0 0 1 0 0
1120 4 0 0 0 0 0 1 0 0
1129 3 0 0 1 0 0 0 0 0
1133 1 0 0 1 0 0 0 0 0
1142 2 0 0 0 0 0 0 0 0
1143 3 1 1 0 0 0 0 0 0
1183 1 0 0 0 0 0 1 0 0
1184 2 1 1 1 0 0 0 0 0
1188 3 1 1 1 0 0 0 0 0
1205 2 1 1 0 0 0 0 0 0
1206 3 0 0 1 0 0 0 0 0
1208 3 0 0 0 0 0 0 0 0
1209 2 0 0 1 0 0 0 0 0
1211 4 1 1 0 0 0 0 0 0
1212 1 0 0 0 0 0 0 0 0
1215 2 0 0 0 0 0 1 0 0
1229 4 0 0 0 0 0 1 0 0
1231 4 1 1 0 0 0 1 0 0
1235 4 0 0 1 0 0 0 0 0
1238 6 1 1 1 0 0 0 0 0
1241 1 0 0 0 0 0 1 1 1
1244 1 0 0 0 0 0 1 0 0
1276 4 0 0 0 0 0 1 0 0
1283 8 0 0 7 0 0 0 0 0
fn=update_active.constprop.0
90 8 1 1 0 0 0 6 0 0
94 1 0 0 1 0 0 0 0 0
102 3 1 1 1 0 0 0 0 0
103 3 0 0 0 0 0 0 0 0
104 1 0 0 1 0 0 0 0 0
112 4 0 0 1 0 0 1 0 0
113 1 0 0 1 0 0 0 0 0
121 3 1 1 1 0 0 0 0 0
122 1 0 0 1 0 0 0 0 0
127 4 0 0 0 0 0 1 0 0
130 5 0 0 1 0 0 2 0 0
131 1 0 0 1 0 0 0 0 0
134 5 1 1 1 0 0 2 0 0
135 2 0 0 1 0 0 1 0 0
139 5 0 0 1 0 0 1 0 0
140 3 0 0 2 0 0 0 0 0
141 3 0 0 2 0 0 0 0 0
142 2 0 0 1 0 0 1 0 0
146 4 1 1 1 0 0 1 0 0
147 5 0 0 2 0 0 1 0 0
148 3 0 0 2 1 1 0 0 0
151 6 1 1 0 0 0 1 0 0
163 1 0 0 0 0 0 1 0 0
165 2 1 1 0 0 0 0 0 0
169 5 0 0 0 0 0 2 0 0
170 3 0 0 0 0 0 1 0 0
172 3 0 0 0 0 0 0 0 0
176 2 1 1 0 0 0 0 0 0
178 1 0 0 0 0 0 1 0 0
179 1 0 0 0 0 0 0 0 0
182 2 0 0 0 0 0 0 0 0
184 2 0 0 0 0 0 1 0 0
188 1 0 0 0 0 0 0 0 0
189 1 1 1 1 0 0 0 0 0
196 4 0 0 1 0 0 1 0 0
198 5 0 0 1 0 0 1 0 0
204 5 0 0 1 0 0 1 0 0
206 4 1 1 1 0 0 1 0 0
208 3 1 1 0 0 0 1 0 0
213 4 0 0 1 0 0 0 0 0
262 2 1 1 0 0 0 0 0 0
263 3 0 0 1 0 0 0 0 0
279 4 2 2 1 0 0 0 0 0
295 2 0 0 1 0 0 0 0 0
299 1 0 0 1 0 0 0 0 0
300 1 0 0 1 0 0 0 0 0
303 4 0 0 1 0 0 1 0 0
307 2 1 1 0 0 0 0 0 0
311 4 1 1 0 0 0 0 0 0
312 2 0 0 0 0 0 0 0 0
316 1 0 0 0 0 0 0 0 0
317 1 0 0 0 0 0 0 0 0
320 2 0 0 0 0 0 1 0 0
322 1 0 0 0 0 0 1 0 0
323 1 0 0 0 0 0 1 1 1
326 2 0 0 0 0 0 0 0 0
389 2 0 0 0 0 0 0 0 0
393 3 0 0 1 0 0 0 0 0
402 1 0 0 0 0 0 1 0 0
403 8 0 0 7 0 0 0 0 0
fl=/usr/lib/debug/source/bootstrap/glibc.bst/elf/../sysdeps/x86/dl-cacheinfo.h
fn=get_common_cache_info.constprop.0
571 11 1 1 0 0 0 6 0 0
586 1 0 0 1 0 0 0 0 0
589 1 0 0 1 0 0 0 0 0
590 1 0 0 1 0 0 0 0 0
596 1 0 0 0 0 0 1 0 0
598 15 2 2 5 0 0 2 0 0
601 2 1 1 0 0 0 0 0 0
613 1 0 0 0 0 0 1 0 0
618 4 0 0 1 0 0 0 0 0
622 2 0 0 0 0 0 0 0 0
627 1 0 0 0 0 0 0 0 0
630 23 1 1 0 0 0 2 0 0
636 8 1 1 0 0 0 0 0 0
637 8 0 0 0 0 0 0 0 0
640 26 0 0 0 0 0 0 0 0
645 2 1 1 0 0 0 0 0 0
649 3 0 0 0 0 0 0 0 0
650 1 0 0 0 0 0 0 0 0
654 2 0 0 0 0 0 0 0 0
658 3 0 0 0 0 0 1 0 0
661 4 0 0 0 0 0 1 0 0
662 1 0 0 0 0 0 0 0 0
667 4 0 0 0 0 0 0 0 0
673 4 0 0 0 0 0 0 0 0
681 8 0 0 1 0 0 0 0 0
683 3 0 0 1 0 0 0 0 0
685 9 1 1 1 0 0 0 0 0
687 7 0 0 0 0 0 0 0 0
690 2 0 0 0 0 0 0 0 0
691 8 1 1 0 0 0 0 0 0
693 4 0 0 0 0 0 0 0 0
696 2 0 0 0 0 0 0 0 0
701 1 0 0 0 0 0 0 0 0
703 11 1 1 0 0 0 1 0 0
704 3 0 0 0 0 0 0 0 0
705 1 0 0 0 0 0 0 0 0
708 3 0 0 0 0 0 0 0 0
711 2 1 1 0 0 0 0 0 0
715 2 0 0 1 0 0 0 0 0
718 1 0 0 1 0 0 0 0 0
720 4 1 1 0 0 0 0 0 0
721 2 0 0 0 0 0 1 0 0
726 2 0 0 0 0 0 0 0 0
731 2 0 0 0 0 0 0 0 0
732 1 0 0 0 0 0 0 0 0
733 3 0 0 1 0 0 0 0 0
734 2 0 0 0 0 0 1 0 0
735 2 0 0 1 0 0 0 0 0
759 3 0 0 1 0 0 0 0 0
770 4 1 1 0 0 0 0 0 0
771 5 0 0 0 0 0 0 0 0
775 2 0 0 1 0 0 0 0 0
782 1 0 0 0 0 0 1 0 0
783 1 0 0 0 0 0 1 0 0
784 1 0 0 0 0 0 1 0 0
785 7 1 1 7 0 0 0 0 0
fn=handle_intel.constprop.0
250 108 1 1 0 0 0 72 0 0
255 24 1 1 12 0 0 0 0 0
261 12 0 0 0 0 0 12 0 0
262 12 0 0 0 0 0 12 0 0
267 48 0 0 0 0 0 12 0 0
271 24 0 0 0 0 0 0 0 0
276 24 1 1 0 0 0 0 0 0
279 60 0 0 0 0 0 12 0 0
281 24 0 0 0 0 0 0 0 0
284 60 0 0 0 0 0 12 0 0
286 24 0 0 0 0 0 0 0 0
305 96 0 0 84 0 0 0 0 0
fn=init_cpu_features.constprop.0
792 1 0 0 0 0 0 1 0 0
793 1 0 0 0 0 0 1 0 0
794 1 0 0 0 0 0 1 0 0
808 2 0 0 0 0 0 0 0 0
810 5 2 2 0 0 0 4 0 0
811 4 0 0 0 0 0 2 0 0
812 1 0 0 0 0 0 1 0 0
815 3 0 0 0 0 0 2 0 0
817 3 0 0 0 0 0 2 0 0
818 2 1 1 1 0 0 1 0 0
820 3 0 0 0 0 0 2 0 0
822 3 0 0 0 0 0 2 0 0
824 3 0 0 0 0 0 2 0 0
826 3 0 0 0 0 0 2 0 0
828 3 1 1 0 0 0 2 0 0
831 3 0 0 0 0 0 2 0 0
833 3 0 0 0 0 0 2 0 0
835 3 1 1 0 0 0 2 0 0
837 6 0 0 1 0 0 2 0 0
893 2 2 2 1 0 0 1 1 1
894 2 0 0 1 0 0 1 0 0
895 2 0 0 1 0 0 1 0 0
896 2 0 0 1 0 0 1 0 0
897 2 0 0 1 0 0 1 0 0
898 1 0 0 0 0 0 1 0 0
899 2 0 0 1 0 0 1 0 0
900 1 0 0 0 0 0 1 0 0
901 1 1 1 0 0 0 1 0 0
902 1 0 0 0 0 0 1 0 0
903 2 0 0 1 0 0 1 0 0
904 1 0 0 0 0 0 1 0 0
909 3 0 0 0 0 0 0 0 0
923 3 0 0 1 0 0 0 0 0
924 7 1 1 5 0 0 2 0 0
929 2 0 0 0 0 0 0 0 0
930 7 0 0 3 0 0 0 0 0
931 2 0 0 0 0 0 0 0 0
939 7 1 1 0 0 0 1 0 0
940 2 0 0 0 0 0 0 0 0
960 6 1 1 0 0 0 0 0 0
969 2 0 0 0 0 0 0 0 0
970 2 0 0 0 0 0 0 0 0
975 3 1 1 0 0 0 1 0 0
978 1 0 0 0 0 0 0 0 0
979 2 0 0 0 0 0 1 0 0
989 3 1 1 1 0 0 0 0 0
995 2 0 0 0 0 0 0 0 0
1002 5 0 0 1 0 0 1 0 0
1004 2 0 0 1 0 0 0 0 0
1007 5 1 1 1 0 0 1 0 0
1009 2 0 0 0 0 0 0 0 0
1015 3 0 0 1 0 0 0 0 0
1019 6 1 1 1 0 0 2 0 0
1020 5 0 0 0 0 0 1 0 0
1024 5 0 0 1 0 0 1 0 0
1025 5 0 0 0 0 0 1 0 0
1029 5 0 0 1 0 0 1 0 0
1030 3 0 0 1 0 0 1 0 0
1036 6 1 1 1 0 0 2 0 0
1038 2 0 0 1 0 0 0 0 0
1044 11 1 1 1 0 0 6 0 0
1045 10 1 1 2 0 0 5 0 0
1046 13 2 2 2 0 0 7 0 0
1049 12 1 1 1 0 0 6 0 0
1052 12 1 1 1 0 0 6 0 0
1054 10 1 1 1 0 0 5 0 0
1062 1 1 1 0 0 0 1 0 0
1063 2 0 0 1 0 0 1 0 0
1064 2 0 0 1 0 0 1 0 0
1065 2 0 0 1 0 0 1 0 0
1066 2 0 0 1 0 0 1 0 0
1067 2 0 0 1 0 0 1 0 0
1068 1 0 0 0 0 0 1 0 0
fn=intel_check_word.constprop.0
110 648 1 1 324 6 6 0 0 0
113 324 0 0 0 0 0 0 0 0
119 216 0 0 0 0 0 120 0 0
123 48 1 1 0 0 0 0 0 0
125 12 0 0 0 0 0 0 0 0
129 120 0 0 0 0 0 0 0 0
131 144 0 0 0 0 0 0 0 0
133 60 0 0 0 0 0 0 0 0
135 120 0 0 0 0 0 0 0 0
143 120 1 1 0 0 0 0 0 0
152 24 0 0 0 0 0 0 0 0
155 111 0 0 0 0 0 0 0 0
158 99 0 0 0 0 0 0 0 0
162 64 0 0 0 0 0 0 0 0
164 192 1 1 0 0 0 0 0 0
165 24 0 0 0 0 0 0 0 0
167 104 0 0 0 0 0 0 0 0
168 96 1 1 0 0 0 0 0 0
169 84 0 0 0 0 0 0 0 0
170 72 0 0 0 0 0 0 0 0
172 11 0 0 0 0 0 0 0 0
174 22 0 0 0 0 0 0 0 0
176 12 1 1 0 0 0 0 0 0
177 16 0 0 0 0 0 0 0 0
178 12 0 0 0 0 0 0 0 0
179 20 0 0 0 0 0 0 0 0
180 14 1 1 0 0 0 0 0 0
181 12 1 1 0 0 0 0 0 0
183 8 0 0 0 0 0 0 0 0
184 12 0 0 0 0 0 0 0 0
187 21 0 0 0 0 0 0 0 0
190 2 0 0 0 0 0 0 0 0
194 192 0 0 0 0 0 0 0 0
202 168 1 1 48 0 0 0 0 0
216 48 0 0 0 0 0 0 0 0
246 144 0 0 144 0 0 0 0 0
fl=/usr/lib/debug/source/bootstrap/glibc.bst/elf/../sysdeps/x86/dl-get-cpu-features.c
fn=__x86_cpu_features
39 3 0 0 1 0 0 0 0 0
76 3 1 0 1 0 0 0 0 0
fn=_dl_x86_init_cpu_features
37 1 1 1 0 0 0 0 0 0
39 3 0 0 1 0 0 0 0 0
41 1 1 1 0 0 0 0 0 0
fl=/usr/lib/debug/source/bootstrap/glibc.bst/elf/../sysdeps/x86/dl-prop.h
fn=_dl_map_object_from_fd
149 10 0 0 5 0 0 0 0 0
fn=_dl_process_pt_gnu_property
95 20 1 1 0 0 0 0 0 0
97 2 0 0 0 0 0 0 0 0
102 8 0 0 0 0 0 0 0 0
115 8 0 0 0 0 0 0 0 0
118 4 0 0 4 1 1 0 0 0
252 4 0 0 0 0 0 0 0 0
253 2 0 0 0 0 0 2 0 0
254 4 0 0 0 0 0 0 0 0
255 2 0 0 0 0 0 2 0 0
257 16 1 1 4 0 0 4 0 0
258 3 0 0 1 0 0 0 0 0
260 4 0 0 2 0 0 0 0 0
fn=dl_main
36 1 0 0 1 0 0 0 0 0
37 15 1 1 0 0 0 0 0 0
40 5 1 1 5 0 0 0 0 0
49 22 0 0 7 0 0 0 0 0
53 19 0 0 5 0 0 0 0 0
71 2 0 0 0 0 0 1 0 0
149 6 0 0 3 0 0 0 0 0
fl=/usr/lib/debug/source/bootstrap/glibc.bst/elf/../sysdeps/x86/get-isa-level.h
fn=_dl_hwcaps_subdirs_active
30 4 0 0 0 0 0 0 0 0
31 1 0 0 1 0 0 0 0 0
32 3 0 0 1 0 0 0 0 0
36 3 0 0 0 0 0 0 0 0
39 4 1 1 1 0 0 0 0 0
40 4 0 0 1 0 0 0 0 0
45 4 0 0 0 0 0 0 0 0
48 2 0 0 0 0 0 0 0 0
51 5 0 0 1 0 0 0 0 0
53 4 1 1 0 0 0 0 0 0
54 2 0 0 0 0 0 0 0 0
55 2 0 0 0 0 0 0 0 0
58 4 0 0 0 0 0 0 0 0
fn=update_active.constprop.0
28 1 0 0 0 0 0 0 0 0
30 4 0 0 0 0 0 0 0 0
31 1 0 0 1 0 0 0 0 0
32 3 1 1 0 0 0 0 0 0
36 3 0 0 0 0 0 0 0 0
38 1 0 0 0 0 0 0 0 0
39 3 1 1 1 0 0 0 0 0
40 4 1 1 1 0 0 0 0 0
45 4 0 0 0 0 0 0 0 0
47 1 0 0 0 0 0 0 0 0
48 2 0 0 0 0 0 0 0 0
51 5 1 1 1 0 0 0 0 0
53 4 0 0 0 0 0 0 0 0
54 2 0 0 0 0 0 0 0 0
55 2 0 0 0 0 0 0 0 0
57 1 0 0 0 0 0 0 0 0
58 4 0 0 0 0 0 0 0 0
fl=/usr/lib/debug/source/bootstrap/glibc.bst/elf/../sysdeps/x86_64/dl-cet.c
fn=_dl_cet_check
361 1 1 1 0 0 0 0 0 0
362 1 0 0 0 0 0 0 0 0
fn=_dl_cet_setup_features
331 1 1 1 0 0 0 0 0 0
334 2 0 0 0 0 0 0 0 0
350 1 1 1 1 0 0 0 0 0
fn=dl_cet_check
269 8 2 2 0 0 0 5 0 0
275 2 0 0 0 0 0 0 0 0
276 1 0 0 0 0 0 1 0 0
277 2 0 0 1 0 0 0 0 0
282 4 0 0 1 0 0 1 0 0
283 3 1 1 0 0 0 1 0 0
285 2 0 0 1 0 0 1 0 0
293 5 0 0 1 0 0 0 0 0
318 7 1 1 6 0 0 0 0 0
fl=/usr/lib/debug/source/bootstrap/glibc.bst/elf/../sysdeps/x86_64/dl-hwcaps-subdirs.c
fn=_dl_hwcaps_subdirs_active
29 1 1 1 0 0 0 0 0 0
38 3 0 0 0 0 0 0 0 0
43 1 0 0 0 0 0 0 0 0
48 1 0 0 0 0 0 0 0 0
52 1 0 0 1 0 0 0 0 0
fl=/usr/lib/debug/source/bootstrap/glibc.bst/elf/../sysdeps/x86_64/dl-machine.h
fn=_dl_fixup
223 9 0 0 0 0 0 9 0 0
fn=_dl_relocate_object
78 4 0 0 1 0 0 0 0 0
84 4 0 0 3 1 0 0 0 0
88 3 0 0 1 1 1 0 0 0
94 1 0 0 0 0 0 1 0 0
103 3 0 0 1 0 0 0 0 0
126 2 0 0 1 1 0 1 0 0
262 232 0 0 0 0 0 0 0 0
269 232 0 0 0 0 0 0 0 0
273 232 0 0 0 0 0 0 0 0
282 1294 1 1 416 0 0 0 0 0
285 95 0 0 95 0 0 0 0 0
286 612 3 3 0 0 0 0 0 0
312 696 0 0 116 3 3 0 0 0
315 17 1 1 0 0 0 17 0 0
318 17 0 0 0 0 0 0 0 0
395 48 1 1 16 0 0 0 0 0
397 64 0 0 16 0 0 0 0 0
401 48 0 0 32 2 2 0 0 0
410 32 0 0 16 0 0 16 6 6
418 198 0 0 100 1 1 98 14 14
455 6 1 1 2 0 0 0 0 0
459 8 0 0 2 0 0 4 0 0
460 8 0 0 4 1 1 0 0 0
461 10 1 1 6 0 0 0 0 0
462 4 0 0 0 0 0 0 0 0
471 86 0 0 86 1 0 0 0 0
472 129 0 0 43 0 0 0 0 0
473 43 0 0 0 0 0 43 0 0
474 43 0 0 0 0 0 43 3 1
493 18 0 0 6 0 0 0 0 0
494 6 0 0 0 0 0 6 4 1
498 12 0 0 0 0 0 0 0 0
499 12 0 0 6 1 1 0 0 0
509 34 0 0 17 0 0 0 0 0
513 34 0 0 0 0 0 0 0 0
516 51 0 0 17 0 0 0 0 0
517 17 0 0 17 2 2 0 0 0
725 20 0 0 8 0 0 0 0 0
729 6 0 0 3 1 0 0 0 0
fn=_dl_start
273 3 0 0 0 0 0 0 0 0
282 10 1 1 4 1 1 0 0 0
286 4 0 0 0 0 0 0 0 0
312 4 0 0 0 0 0 0 0 0
fn=_dl_sysdep_start
209 1 0 0 0 0 0 1 0 0
fl=/usr/lib/debug/source/bootstrap/glibc.bst/elf/../sysdeps/x86_64/dl-runtime.h
fn=_dl_fixup
28 9 0 0 0 0 0 0 0 0
fl=/usr/lib/debug/source/bootstrap/glibc.bst/elf/../sysdeps/x86_64/dl-trampoline.h
fn=_dl_runtime_resolve_xsave
39 9 1 1 0 0 0 0 0 0
44 9 0 0 0 0 0 9 0 0
47 9 0 0 0 0 0 0 0 0
49 9 0 0 0 0 0 0 0 0
59 9 0 0 9 0 0 0 0 0
65 9 0 0 0 0 0 9 0 0
66 9 0 0 0 0 0 9 0 0
67 9 0 0 0 0 0 9 0 0
68 9 0 0 0 0 0 9 0 0
69 9 0 0 0 0 0 9 0 0
70 9 0 0 0 0 0 9 0 0
71 9 0 0 0 0 0 9 0 0
75 9 0 0 0 0 0 0 0 0
76 9 0 0 0 0 0 0 0 0
79 9 1 1 0 0 0 9 1 0
80 9 0 0 0 0 0 9 0 0
82 9 0 0 0 0 0 9 0 0
83 9 0 0 0 0 0 9 0 0
84 9 0 0 0 0 0 9 0 0
85 9 0 0 0 0 0 9 0 0
86 9 0 0 0 0 0 9 0 0
87 9 0 0 0 0 0 9 0 0
89 9 1 1 9 0 0 297 6 0
96 9 0 0 9 0 0 0 0 0
97 9 0 0 9 0 0 0 0 0
98 9 0 0 0 0 0 9 0 0
99 9 0 0 0 0 0 0 0 0
104 9 0 0 0 0 0 0 0 0
105 9 0 0 0 0 0 0 0 0
106 9 0 0 324 0 0 0 0 0
108 9 0 0 9 0 0 0 0 0
109 9 0 0 9 0 0 0 0 0
110 9 0 0 9 0 0 0 0 0
111 9 0 0 9 0 0 0 0 0
112 9 0 0 9 0 0 0 0 0
113 9 0 0 9 0 0 0 0 0
114 9 0 0 9 0 0 0 0 0
116 9 1 1 0 0 0 0 0 0
118 9 0 0 9 0 0 0 0 0
122 9 0 0 0 0 0 0 0 0
124 9 0 0 0 0 0 0 0 0
fl=/usr/lib/debug/source/bootstrap/glibc.bst/elf/./dl-find_object.h
fn=_dl_find_object_from_map
95 8 1 1 4 1 0 4 3 3
96 8 0 0 4 0 0 4 0 0
97 4 0 0 0 0 0 4 0 0
103 20 0 0 8 3 0 0 0 0
104 125 0 0 0 0 0 0 0 0
105 86 1 1 43 37 8 0 0 0
107 12 0 0 8 0 0 4 0 0
112 4 0 0 4 0 0 0 0 0
fl=/usr/lib/debug/source/bootstrap/glibc.bst/elf/./dl-hwcaps.h
fn=_dl_important_hwcaps
43 6 0 0 0 0 0 4 0 0
45 6 0 0 0 0 0 5 0 0
46 1 0 0 0 0 0 0 0 0
77 5 0 0 2 0 0 3 0 0
78 5 1 1 2 0 0 3 0 0
79 3 1 1 0 0 0 0 0 0
fn=copy_hwcaps
43 2 0 0 0 0 0 2 0 0
45 2 0 0 0 0 0 2 0 0
77 2 0 0 0 0 0 2 0 0
78 2 0 0 0 0 0 2 0 0
79 6 1 1 4 0 0 0 0 0
fl=/usr/lib/debug/source/bootstrap/glibc.bst/elf/./dl-load.h
fn=_dl_map_object_from_fd
91 16 0 0 8 0 0 0 0 0
92 4 2 2 2 0 0 0 0 0
93 6 0 0 2 0 0 0 0 0
94 4 0 0 1 0 0 0 0 0
96 4 1 1 0 0 0 1 0 0
fl=/usr/lib/debug/source/bootstrap/glibc.bst/elf/./dl-main.h
fn=dl_main
109 5 1 1 4 0 0 1 0 0
fl=/usr/lib/debug/source/bootstrap/glibc.bst/elf/./dl-map-segments.h
fn=_dl_map_object_from_fd
28 6 1 1 2 0 0 0 0 0
29 18 1 1 8 0 0 4 0 0
81 2 0 0 2 0 0 0 0 0
101 2 0 0 0 0 0 2 0 0
102 6 0 0 2 0 0 0 0 0
105 6 1 1 2 0 0 2 0 0
106 4 0 0 0 0 0 2 0 0
108 4 0 0 2 0 0 0 0 0
125 2 1 1 2 0 0 0 0 0
135 48 1 1 8 0 0 0 0 0
137 24 0 0 12 0 0 0 0 0
139 54 0 0 24 0 0 6 0 0
149 32 0 0 16 0 0 0 0 0
155 4 0 0 2 0 0 0 0 0
156 2 0 0 0 0 0 0 0 0
157 6 0 0 2 0 0 0 0 0
158 4 1 1 0 0 0 0 0 0
160 6 0 0 0 0 0 0 0 0
165 4 0 0 0 0 0 0 0 0
168 6 0 0 2 0 0 0 0 0
176 18 0 0 4 0 0 6 0 0
182 4 0 0 0 0 0 0 0 0
186 8 2 2 1 0 0 1 0 0
189 2 0 0 0 0 0 0 0 0
194 8 1 1 0 0 0 0 0 0
fl=/usr/lib/debug/source/bootstrap/glibc.bst/elf/./dl-sym-post.h
fn=lookup_malloc_symbol
41 8 0 0 0 0 0 0 0 0
53 12 0 0 4 0 0 0 0 0
fl=/usr/lib/debug/source/bootstrap/glibc.bst/elf/./get-dynamic-info.h
fn=_dl_start
45 75 1 1 19 5 5 0 0 0
49 36 0 0 0 0 0 0 0 0
51 10 0 0 0 0 0 0 0 0
52 5 0 0 0 0 0 0 0 0
54 20 0 0 0 0 0 0 0 0
55 16 0 0 0 0 0 0 0 0
56 5 1 1 0 0 0 0 0 0
59 4 1 1 0 0 0 0 0 0
62 4 1 1 0 0 0 0 0 0
64 4 1 1 0 0 0 0 0 0
68 18 0 0 0 0 0 18 7 7
72 3 1 1 1 0 0 0 0 0
84 4 0 0 2 0 0 0 0 0
85 3 0 0 1 0 0 0 0 0
86 4 0 0 2 0 0 0 0 0
87 4 1 1 2 0 0 0 0 0
88 5 0 0 2 0 0 0 0 0
89 3 0 0 1 0 0 0 0 0
90 4 0 0 2 0 0 0 0 0
91 4 1 1 2 0 0 0 0 0
103 10 1 1 2 0 0 1 0 0
110 3 0 0 1 0 0 0 0 0
123 3 1 1 2 0 0 0 0 0
129 3 0 0 1 0 0 0 0 0
130 3 0 0 2 0 0 0 0 0
133 2 1 1 1 1 1 0 0 0
134 3 0 0 1 0 0 0 0 0
139 5 0 0 2 0 0 0 0 0
142 3 0 0 1 0 0 0 0 0
fn=dl_main
39 3 1 1 1 0 0 0 0 0
43 1 0 0 0 0 0 0 0 0
45 107 0 0 27 7 7 0 0 0
49 52 0 0 0 0 0 0 0 0
51 12 0 0 0 0 0 0 0 0
52 6 0 0 0 0 0 0 0 0
54 25 0 0 0 0 0 0 0 0
55 21 0 0 0 0 0 0 0 0
56 5 1 1 0 0 0 0 0 0
59 4 1 1 0 0 0 0 0 0
62 4 1 1 0 0 0 0 0 0
64 4 0 0 0 0 0 0 0 0
68 26 0 0 0 0 0 26 8 8
72 5 2 2 2 0 0 0 0 0
84 4 0 0 2 0 0 0 0 0
85 4 0 0 2 0 0 0 0 0
86 4 0 0 2 0 0 0 0 0
87 4 1 1 2 0 0 0 0 0
88 3 0 0 1 0 0 0 0 0
89 4 0 0 2 0 0 0 0 0
90 4 0 0 2 0 0 0 0 0
91 4 1 1 2 0 0 0 0 0
103 8 0 0 2 0 0 1 0 0
110 3 0 0 1 0 0 0 0 0
115 2 1 1 1 0 0 0 0 0
122 2 0 0 1 0 0 0 0 0
123 3 0 0 2 0 0 0 0 0
129 3 0 0 1 0 0 0 0 0
147 3 1 1 1 0 0 0 0 0
162 3 0 0 1 0 0 0 0 0
164 3 1 1 1 0 0 1 0 0
165 2 0 0 0 0 0 0 0 0
174 2 0 0 1 0 0 0 0 0
175 3 1 1 0 0 0 0 0 0
180 2 0 0 0 0 0 0 0 0
184 2 1 1 1 0 0 0 0 0
fl=/usr/lib/debug/source/bootstrap/glibc.bst/elf/./setup-vdso.h
fn=dl_main
24 2 0 0 1 0 0 0 0 0
fl=/usr/lib/debug/source/bootstrap/glibc.bst/elf/dl-audit.c
fn=_dl_audit_activity_map
29 10 0 0 0 0 0 7 0 0
30 1 1 1 1 0 0 0 0 0
31 3 0 0 1 0 0 0 0 0
37 8 1 1 7 0 0 0 0 0
fn=_dl_audit_activity_nsid
41 3 1 0 0 0 0 0 0 0
45 12 1 1 3 0 0 0 0 0
47 9 0 0 3 1 0 0 0 0
51 3 0 0 3 0 0 0 0 0
fn=_dl_audit_objclose
97 4 1 1 0 0 0 0 0 0
98 16 0 0 8 0 0 0 0 0
fn=_dl_audit_objopen
77 2 1 1 0 0 0 0 0 0
78 8 0 0 4 0 0 0 0 0
fn=_dl_audit_preinit
118 1 1 1 0 0 0 0 0 0
119 4 0 0 2 1 0 0 0 0
fl=/usr/lib/debug/source/bootstrap/glibc.bst/elf/dl-cache.c
fn=_dl_cache_libcmp
341 8 1 1 0 0 0 0 0 0
342 120 0 0 40 0 0 0 0 0
344 117 0 0 0 0 0 0 0 0
346 80 1 1 39 9 9 0 0 0
352 3 0 0 0 0 0 0 0 0
353 3 0 0 0 0 0 0 0 0
354 4 0 0 1 0 0 0 0 0
356 4 1 1 1 0 0 0 0 0
358 2 0 0 0 0 0 0 0 0
364 76 0 0 0 0 0 0 0 0
366 76 0 0 0 0 0 0 0 0
367 14 0 0 7 0 0 0 0 0
370 31 0 0 0 0 0 0 0 0
371 31 0 0 0 0 0 0 0 0
374 3 0 0 2 0 0 0 0 0
fn=_dl_load_cache_lookup
387 6 1 1 0 0 0 2 0 0
389 2 0 0 1 0 0 0 0 0
392 3 0 0 1 0 0 0 0 0
395 6 1 1 0 0 0 2 0 0
403 6 1 1 2 0 0 0 0 0
404 8 1 1 3 1 1 0 0 0
407 6 1 1 0 0 0 0 0 0
408 1 0 0 1 0 0 0 0 0
415 1 1 1 0 0 0 1 0 0
416 2 0 0 0 0 0 1 0 0
466 3 1 1 1 0 0 0 0 0
469 6 0 0 1 0 0 1 0 0
484 2 0 0 1 0 0 0 0 0
488 2 0 0 0 0 0 0 0 0
496 3 1 1 0 0 0 1 0 0
497 16 2 2 1 0 0 0 0 0
498 4 0 0 0 0 0 1 0 0
499 1 0 0 0 0 0 1 0 0
500 3 0 0 3 0 0 0 0 0
fn=_dl_unload_cache
509 3 2 2 0 0 0 1 0 0
510 4 0 0 1 1 0 0 0 0
512 2 0 0 1 0 0 1 0 0
513 1 0 0 0 0 0 1 0 0
517 1 0 0 0 0 0 1 0 0
519 2 0 0 2 0 0 0 0 0
fn=search_cache
187 14 0 0 0 0 0 0 0 0
199 11 2 2 0 0 0 9 0 0
200 2 0 0 0 0 0 0 0 0
207 14 0 0 0 0 0 0 0 0
209 35 1 1 0 0 0 0 0 0
210 19 0 0 7 7 7 1 0 0
214 14 0 0 0 0 0 0 0 0
215 13 2 2 3 0 0 3 0 0
218 28 0 0 14 0 0 7 0 0
219 14 0 0 0 0 0 0 0 0
227 10 1 1 4 0 0 0 0 0
229 2 0 0 1 1 1 0 0 0
232 2 0 0 0 0 0 0 0 0
234 6 0 0 0 0 0 1 0 0
236 4 0 0 0 0 0 2 0 0
246 2 1 1 0 0 0 0 0 0
256 3 0 0 2 0 0 0 0 0
257 4 1 1 1 0 0 0 0 0
264 2 0 0 1 0 0 0 0 0
273 11 0 0 1 0 0 1 0 0
282 2 0 0 1 0 0 0 0 0
287 2 1 1 0 0 0 0 0 0
314 3 0 0 1 0 0 1 0 0
330 6 0 0 0 0 0 0 0 0
331 3 0 0 0 0 0 0 0 0
333 3 0 0 0 0 0 0 0 0
337 9 0 0 8 0 0 0 0 0
fl=/usr/lib/debug/source/bootstrap/glibc.bst/elf/dl-call-libc-early-init.c
fn=_dl_call_libc_early_init
27 7 1 1 0 0 0 3 0 0
29 2 0 0 0 0 0 0 0 0
33 5 0 0 0 0 0 1 0 0
37 2 0 0 0 0 0 0 0 0
39 4 1 1 3 0 0 0 0 0
40 2 0 0 0 0 0 0 0 0
41 3 0 0 3 0 0 0 0 0
fl=/usr/lib/debug/source/bootstrap/glibc.bst/elf/dl-call_fini.c
fn=_dl_call_fini
24 32 1 1 0 0 0 16 0 0
28 8 0 0 4 0 0 0 0 0
32 4 1 1 4 0 0 0 0 0
34 4 0 0 4 4 0 0 0 0
35 8 0 0 0 0 0 0 0 0
38 4 0 0 4 2 0 0 0 0
39 6 0 0 4 1 0 0 0 0
42 16 0 0 0 0 0 0 0 0
43 2 0 0 2 2 0 2 0 0
47 4 1 1 4 4 0 0 0 0
48 8 0 0 0 0 0 0 0 0
49 6 0 0 4 1 0 0 0 0
50 22 0 0 18 0 0 0 0 0
fl=/usr/lib/debug/source/bootstrap/glibc.bst/elf/dl-catch.c
fn=_dl_catch_error
258 12 1 1 0 0 0 4 0 0
260 2 0 0 0 0 0 1 0 0
261 2 1 1 1 0 0 1 0 0
262 2 0 0 1 0 0 1 0 0
263 2 0 0 1 0 0 1 0 0
265 6 0 0 5 0 0 0 0 0
fn=_dl_catch_exception
58 9 0 0 3 0 0 0 0 0
59 6 1 1 3 0 0 3 0 0
69 6 0 0 3 0 0 0 0 0
70 15 1 1 3 0 0 6 0 0
208 24 1 1 0 0 0 15 2 2
211 6 0 0 0 0 0 0 0 0
218 3 0 0 0 0 0 0 0 0
232 6 0 0 3 0 0 3 0 0
233 6 1 1 0 0 0 3 1 1
239 18 1 1 0 0 0 3 1 1
241 9 0 0 6 0 0 3 0 0
243 12 0 0 3 0 0 6 0 0
252 9 0 0 9 0 0 0 0 0
fn=_dl_receive_error
58 2 1 1 1 0 0 0 0 0
59 1 0 0 1 0 0 0 0 0
69 2 0 0 1 0 0 0 0 0
70 2 0 0 0 0 0 2 0 0
190 7 1 1 0 0 0 3 0 0
192 1 0 0 1 0 0 0 0 0
196 1 0 0 0 0 0 1 0 0
198 1 0 0 0 0 0 1 0 0
201 1 0 0 0 0 0 1 0 0
202 4 0 0 4 0 0 0 0 0
fl=/usr/lib/debug/source/bootstrap/glibc.bst/elf/dl-debug.c
fn=_dl_debug_initialize
56 3 1 1 0 0 0 0 0 0
57 1 1 1 0 0 0 0 0 0
59 2 0 0 0 0 0 0 0 0
61 2 0 0 0 0 0 0 0 0
63 3 0 0 1 1 1 0 0 0
64 1 1 1 0 0 0 1 0 0
85 3 0 0 1 0 0 0 0 0
90 3 1 1 1 0 0 1 0 0
91 2 0 0 0 0 0 1 0 0
92 1 0 0 0 0 0 1 0 0
95 3 0 0 2 0 0 0 0 0
96 6 1 1 1 0 0 1 0 0
99 2 0 0 0 0 0 0 0 0
107 2 0 0 1 0 0 0 0 0
fn=_dl_debug_state
116 2 2 1 0 0 0 0 0 0
117 2 0 0 2 0 0 0 0 0
fn=_dl_debug_update
38 3 2 1 0 0 0 0 0 0
40 6 0 0 0 0 0 0 0 0
41 3 0 0 0 0 0 0 0 0
44 6 0 0 3 1 0 0 0 0
48 3 0 0 3 0 0 0 0 0
fl=/usr/lib/debug/source/bootstrap/glibc.bst/elf/dl-deps.c
fn=_dl_map_object_deps
128 3 0 0 0 0 0 2 1 1
129 5 0 0 0 0 0 2 0 0
130 6 1 1 0 0 0 1 0 0
132 2 0 0 0 0 0 1 1 1
136 8 1 1 2 0 0 2 0 0
143 14 1 1 0 0 0 7 1 1
144 20 3 3 1 1 1 1 0 0
160 9 0 0 0 0 0 0 0 0
161 1 0 0 1 0 0 0 0 0
164 2 0 0 1 0 0 1 0 0
182 1 1 1 1 0 0 0 0 0
183 6 0 0 4 0 0 0 0 0
184 1 0 0 0 0 0 1 0 0
188 9 0 0 4 0 0 1 0 0
190 10 0 0 0 0 0 4 0 0
193 4 0 0 0 0 0 4 0 0
197 12 0 0 4 0 0 0 0 0
198 25 2 2 11 0 0 0 0 0
201 8 1 1 2 0 0 0 0 0
205 4 0 0 2 0 0 0 0 0
208 16 0 0 8 1 1 0 0 0
210 10 2 2 6 0 0 2 0 0
215 4 0 0 2 0 0 2 0 0
216 2 0 0 0 0 0 2 1 1
217 4 1 1 2 0 0 2 0 0
218 4 0 0 2 0 0 2 0 0
219 2 0 0 0 0 0 2 0 0
221 238 0 0 64 0 0 0 0 0
222 112 0 0 0 0 0 0 0 0
228 24 2 2 4 0 0 4 0 0
230 2 0 0 0 0 0 2 0 0
232 13 2 2 0 0 0 6 0 0
233 4 0 0 2 0 0 0 0 0
242 2 0 0 2 0 0 0 0 0
244 4 1 1 2 0 0 0 0 0
249 14 1 1 2 0 0 0 0 0
252 2 0 0 0 0 0 2 0 0
253 2 0 0 0 0 0 2 0 0
254 2 0 0 0 0 0 2 0 0
255 4 0 0 2 0 0 2 0 0
256 2 0 0 0 0 0 2 0 0
257 2 0 0 2 0 0 0 0 0
259 8 0 0 2 0 0 2 0 0
263 6 0 0 2 0 0 0 0 0
264 3 0 0 0 0 0 1 0 0
266 162 1 1 0 0 0 0 0 0
417 8 1 1 0 0 0 0 0 0
419 10 1 1 0 0 0 6 0 0
422 4 0 0 0 0 0 0 0 0
423 8 0 0 4 0 0 0 0 0
429 2 0 0 0 0 0 2 1 1
430 12 0 0 0 0 0 4 0 0
431 10 0 0 0 0 0 2 0 0
434 2 0 0 0 0 0 2 0 0
435 4 0 0 4 0 0 0 0 0
439 12 1 1 4 0 0 0 0 0
441 4 0 0 4 0 0 0 0 0
442 17 0 0 3 0 0 0 0 0
448 5 1 1 1 0 0 0 0 0
449 1 0 0 0 0 0 1 0 0
452 4 0 0 1 0 0 1 0 0
463 6 1 1 1 0 0 3 0 0
465 5 1 1 3 0 0 0 0 0
470 4 1 1 1 0 0 1 0 0
471 2 0 0 1 0 0 1 0 0
472 1 0 0 0 0 0 0 0 0
474 17 0 0 4 0 0 0 0 0
478 12 1 1 4 0 0 0 0 0
484 8 0 0 0 0 0 0 0 0
485 8 0 0 0 0 0 4 1 1
490 4 0 0 4 0 0 0 0 0
495 3 0 0 1 0 0 0 0 0
532 2 1 1 0 0 0 0 0 0
533 2 0 0 0 0 0 0 0 0
536 1 0 0 1 0 0 0 0 0
547 9 2 2 2 0 0 3 0 0
552 9 1 1 1 0 0 2 0 0
553 5 1 1 2 0 0 1 0 0
557 1 0 0 0 0 0 1 0 0
559 2 0 0 1 0 0 1 0 0
560 1 1 1 1 0 0 0 0 0
561 3 0 0 1 0 0 0 0 0
568 3 0 0 1 0 0 0 0 0
571 2 1 1 0 0 0 0 0 0
574 8 0 0 7 0 0 0 0 0
fn=openaux
61 12 1 1 0 0 0 4 0 0
64 22 0 0 8 0 0 4 0 0
65 2 0 0 2 0 0 0 0 0
68 2 0 0 2 0 0 0 0 0
69 6 0 0 6 0 0 0 0 0
fl=/usr/lib/debug/source/bootstrap/glibc.bst/elf/dl-environ.c
fn=_dl_next_ld_env_entry
28 3 1 1 0 0 0 0 0 0
29 3 0 0 3 0 0 0 0 0
32 238 0 0 80 0 0 0 0 0
34 156 1 1 78 0 0 0 0 0
35 14 0 0 7 0 0 0 0 0
37 2 0 0 0 0 0 0 0 0
40 4 0 0 0 0 0 2 0 0
42 2 0 0 2 0 0 0 0 0
45 76 0 0 0 0 0 0 0 0
fl=/usr/lib/debug/source/bootstrap/glibc.bst/elf/dl-find_object.c
fn=_dl_find_object_init
562 5 2 2 0 0 0 3 0 0
565 1 0 0 1 1 0 0 0 0
567 2 0 0 1 0 0 0 0 0
568 3 2 2 0 0 0 1 0 0
580 2 0 0 0 0 0 1 0 0
581 3 0 0 1 0 0 1 0 0
583 2 1 1 0 0 0 0 0 0
586 2 0 0 0 0 0 0 0 0
591 1 0 0 0 0 0 1 0 0
592 1 0 0 0 0 0 1 0 0
595 3 0 0 1 0 0 0 0 0
597 2 0 0 0 0 0 1 0 0
600 6 0 0 3 0 0 1 0 0
602 1 0 0 0 0 0 0 0 0
605 4 0 0 4 0 0 0 0 0
fn=_dlfo_process_initial
475 8 0 0 0 0 0 4 0 0
476 2 1 1 2 0 0 0 0 0
478 2 0 0 0 0 0 0 0 0
479 4 0 0 2 0 0 0 0 0
505 22 1 1 4 1 0 0 0 0
506 22 0 0 2 0 0 0 0 0
507 8 0 0 8 0 0 0 0 0
509 28 1 1 6 0 0 0 0 0
512 24 0 0 6 0 0 0 0 0
514 18 1 1 6 0 0 0 0 0
516 6 0 0 0 0 0 3 0 0
517 6 0 0 0 0 0 0 0 0
518 12 0 0 0 0 0 0 0 0
530 2 0 0 0 0 0 2 0 0
532 8 0 0 6 0 0 0 0 0
fn=_dlfo_sort_mappings
537 1 1 1 0 0 0 0 0 0
538 2 0 0 0 0 0 0 0 0
541 12 0 0 2 0 0 0 0 0
545 4 0 0 2 0 0 0 0 0
546 21 0 0 0 0 0 0 0 0
547 15 1 1 3 0 0 0 0 0
549 2 0 0 0 0 0 0 0 0
550 2 0 0 0 0 0 0 0 0
554 8 0 0 4 0 0 0 0 0
555 10 0 0 4 0 0 4 0 0
556 4 0 0 0 0 0 4 0 0
558 1 0 0 1 0 0 0 0 0
fl=/usr/lib/debug/source/bootstrap/glibc.bst/elf/dl-fini.c
fn=_dl_fini
26 11 2 2 0 0 0 7 0 0
43 1 0 0 0 0 0 0 0 0
46 13 0 0 1 0 0 0 0 0
49 2 1 1 1 1 0 1 0 0
51 1 0 0 1 0 0 0 0 0
54 2 0 0 0 0 0 0 0 0
56 5 0 0 2 1 0 0 0 0
61 1 0 0 0 0 0 1 0 0
63 4 1 1 0 0 0 2 0 0
68 18 2 2 2 0 0 0 0 0
73 16 0 0 5 0 0 0 0 0
75 8 0 0 4 3 0 0 0 0
77 8 1 1 0 0 0 0 0 0
79 8 0 0 0 0 0 4 0 0
80 4 0 0 0 0 0 4 4 0
81 4 0 0 0 0 0 0 0 0
85 4 0 0 4 3 0 0 0 0
87 6 0 0 0 0 0 0 0 0
88 6 1 1 0 0 0 0 0 0
94 6 0 0 0 0 0 2 0 0
103 2 0 0 1 0 0 1 0 0
108 18 1 1 1 0 0 0 0 0
110 4 0 0 4 0 0 0 0 0
112 8 0 0 4 0 0 0 0 0
114 16 1 1 0 0 0 12 0 0
117 20 0 0 8 0 0 4 0 0
122 4 0 0 4 0 0 0 0 0
126 5 0 0 1 0 0 1 0 0
132 6 0 0 2 0 0 1 0 0
134 1 0 0 0 0 0 0 0 0
138 2 0 0 1 0 0 0 0 0
145 8 0 0 7 0 0 0 0 0
fl=/usr/lib/debug/source/bootstrap/glibc.bst/elf/dl-hwcaps.c
fn=_dl_important_hwcaps
52 16 1 1 0 0 0 4 0 0
54 2 0 0 0 0 0 0 0 0
55 4 0 0 2 0 0 0 0 0
56 2 0 0 0 0 0 0 0 0
57 2 0 0 0 0 0 0 0 0
100 5 0 0 0 0 0 3 1 1
102 3 1 1 1 0 0 0 0 0
105 1 0 0 0 0 0 1 0 0
108 1 0 0 0 0 0 0 0 0
112 4 1 1 0 0 0 1 0 0
125 12 0 0 0 0 0 3 0 0
127 10 0 0 4 0 0 2 1 1
128 4 0 0 2 0 0 2 0 0
129 4 0 0 0 0 0 2 0 0
130 2 0 0 0 0 0 0 0 0
133 3 1 1 1 0 0 0 0 0
142 14 1 1 7 0 0 1 0 0
143 13 0 0 1 0 0 1 0 0
145 8 1 1 1 0 0 5 0 0
151 5 0 0 2 0 0 0 0 0
155 4 1 1 2 0 0 1 0 0
156 2 0 0 0 0 0 0 0 0
157 3 0 0 0 0 0 0 0 0
161 1 0 0 1 0 0 0 0 0
162 2 1 1 1 0 0 1 0 0
163 2 0 0 0 0 0 2 0 0
172 14 2 2 0 0 0 9 1 1
174 2 0 0 0 0 0 2 1 1
175 3 0 0 0 0 0 0 0 0
185 1 0 0 0 0 0 0 0 0
186 3 0 0 0 0 0 0 0 0
189 3 0 0 1 0 0 1 1 1
193 2 0 0 1 0 0 0 0 0
194 2 1 1 0 0 0 0 0 0
202 4 0 0 2 0 0 0 0 0
203 7 0 0 0 0 0 3 0 0
204 6 1 1 3 0 0 1 0 0
208 2 0 0 1 0 0 1 0 0
209 1 0 0 0 0 0 1 0 0
213 2 0 0 1 0 0 1 0 0
216 9 0 0 7 0 0 0 0 0
fn=copy_hwcaps
74 18 1 1 0 0 0 10 0 0
77 16 0 0 0 0 0 4 0 0
79 2 0 0 0 0 0 2 0 0
80 16 0 0 4 0 0 6 1 1
84 2 0 0 0 0 0 2 0 0
85 2 0 0 2 0 0 0 0 0
86 6 0 0 2 0 0 2 0 0
87 4 0 0 0 0 0 2 0 0
88 4 0 0 0 0 0 2 0 0
90 14 0 0 12 0 0 0 0 0
fl=/usr/lib/debug/source/bootstrap/glibc.bst/elf/dl-hwcaps_split.c
fn=_dl_hwcaps_contains
66 6 0 0 0 0 0 0 0 0
67 12 0 0 0 0 0 0 0 0
68 6 0 0 0 0 0 0 0 0
77 6 0 0 6 0 0 0 0 0
fn=_dl_hwcaps_split
25 75 1 1 0 0 0 45 1 1
26 45 0 0 15 0 0 0 0 0
27 6 0 0 0 0 0 0 0 0
30 36 0 0 12 0 0 12 0 0
34 84 0 0 18 1 1 0 0 0
35 12 0 0 0 0 0 6 0 0
36 24 1 1 0 0 0 0 0 0
41 27 0 0 0 0 0 9 0 0
42 18 0 0 0 0 0 0 0 0
43 21 0 0 0 0 0 12 0 0
45 18 0 0 0 0 0 0 0 0
46 9 0 0 0 0 0 0 0 0
47 60 1 1 60 0 0 0 0 0
fn=_dl_hwcaps_split_masked
51 66 1 1 0 0 0 22 0 0
54 56 0 0 0 0 0 14 0 0
56 9 0 0 9 0 0 0 0 0
57 27 0 0 0 0 0 9 0 0
58 54 0 0 18 0 0 6 0 0
62 33 1 1 33 0 0 0 0 0
fl=/usr/lib/debug/source/bootstrap/glibc.bst/elf/dl-init.c
fn=_dl_init
81 13 1 1 0 0 0 6 0 0
82 1 0 0 1 1 0 0 0 0
83 1 0 0 1 0 0 0 0 0
86 3 1 1 1 0 0 0 0 0
88 1 0 0 0 0 0 1 0 0
89 3 1 1 1 0 0 1 0 0
94 2 0 0 0 0 0 0 0 0
105 1 1 1 0 0 0 1 1 0
119 1 0 0 1 0 0 0 0 0
120 17 0 0 0 0 0 0 0 0
121 24 1 1 8 0 0 4 0 0
127 8 0 0 7 0 0 0 0 0
fn=call_init
27 60 0 0 0 0 0 30 0 0
29 10 1 1 5 0 0 0 0 0
35 25 0 0 5 0 0 0 0 0
37 10 1 1 0 0 0 0 0 0
43 12 0 0 4 0 0 4 0 0
46 12 0 0 8 3 0 0 0 0
47 2 0 0 0 0 0 0 0 0
51 6 0 0 3 0 0 0 0 0
59 9 0 0 3 2 0 0 0 0
60 6 1 1 2 1 0 1 0 0
63 3 0 0 3 1 0 0 0 0
64 6 0 0 0 0 0 0 0 0
70 6 0 0 4 1 0 0 0 0
72 4 0 0 4 0 0 0 0 0
73 26 1 1 0 0 0 0 0 0
74 16 0 0 4 0 0 4 0 0
76 40 0 0 35 0 0 0 0 0
fl=/usr/lib/debug/source/bootstrap/glibc.bst/elf/dl-load.c
fn=_dl_dst_count
227 36 1 1 0 0 0 24 2 2
230 8 1 1 0 0 0 4 0 0
233 8 0 0 0 0 0 0 0 0
234 4 0 0 0 0 0 0 0 0
253 36 0 0 28 0 0 0 0 0
fn=_dl_init_paths
695 11 1 1 0 0 0 5 0 0
709 4 0 0 0 0 0 2 1 1
714 1 1 1 0 0 0 1 0 0
716 3 0 0 0 0 0 0 0 0
724 2 0 0 1 0 0 0 0 0
728 6 0 0 0 0 0 1 1 1
730 4 0 0 2 0 0 0 0 0
736 1 0 0 0 0 0 1 0 0
737 1 0 0 0 0 0 1 0 0
745 1 0 0 0 0 0 1 0 0
747 2 0 0 0 0 0 1 0 0
748 1 0 0 0 0 0 1 0 0
750 2 1 1 0 0 0 1 0 0
751 1 0 0 0 0 0 1 0 0
756 3 0 0 1 0 0 0 0 0
757 4 0 0 0 0 0 1 0 0
759 1 0 0 0 0 0 1 0 0
765 1 0 0 0 0 0 1 0 0
766 1 0 0 0 0 0 1 0 0
771 1 0 0 1 0 0 0 0 0
774 3 1 1 0 0 0 0 0 0
776 4 0 0 1 0 0 0 0 0
778 3 0 0 1 0 0 0 0 0
795 1 1 1 0 0 0 1 0 0
797 3 1 1 1 0 0 0 0 0
811 2 1 1 0 0 0 1 0 0
814 4 1 1 1 0 0 0 0 0
816 23 1 1 1 0 0 2 0 0
820 3 0 0 0 0 0 0 0 0
821 36 1 1 9 0 0 0 0 0
822 8 0 0 0 0 0 0 0 0
823 16 0 0 0 0 0 0 0 0
825 1 0 0 0 0 0 1 0 0
826 1 0 0 0 0 0 0 0 0
827 2 0 0 0 0 0 0 0 0
833 6 0 0 0 0 0 1 0 0
836 3 0 0 2 0 0 0 0 0
842 1 0 0 0 0 0 1 0 0
846 7 0 0 6 0 0 0 0 0
fn=_dl_map_object
1903 36 1 1 0 0 0 27 4 4
1905 2 0 0 0 0 0 2 0 0
1911 6 1 1 0 0 0 0 0 0
1912 9 0 0 3 1 1 0 0 0
1915 51 1 1 9 0 0 3 0 0
1920 49 1 1 14 0 0 0 0 0
1922 35 0 0 0 0 0 7 2 2
1926 12 1 1 6 0 0 0 0 0
1927 18 0 0 6 0 0 0 0 0
1930 10 0 0 6 0 0 0 0 0
1931 6 0 0 2 0 0 0 0 0
1932 10 0 0 0 0 0 2 0 0
1946 8 1 1 2 0 0 0 0 0
1947 6 0 0 2 0 0 2 0 0
1955 6 0 0 2 0 0 0 0 0
1970 2 0 0 0 0 0 2 1 1
1972 10 1 1 0 0 0 2 0 0
1976 4 1 1 0 0 0 2 0 0
1978 2 0 0 1 0 0 0 0 0
1985 4 0 0 1 0 0 0 0 0
1989 1 1 1 1 0 0 0 0 0
1990 1 0 0 0 0 0 0 0 0
1994 5 0 0 1 0 0 0 0 0
1995 8 1 1 0 0 0 1 0 0
1997 11 1 1 0 0 0 6 0 0
2004 6 2 2 5 0 0 0 0 0
2009 2 0 0 0 0 0 0 0 0
2010 7 1 1 1 0 0 0 0 0
2011 13 2 2 4 0 0 3 0 0
2020 2 0 0 0 0 0 0 0 0
2035 2 0 0 1 0 0 0 0 0
2036 17 3 3 2 0 0 5 0 0
2042 3 0 0 0 0 0 0 0 0
2043 8 2 2 0 0 0 1 0 0
2051 2 0 0 1 0 0 0 0 0
2053 3 0 0 1 0 0 0 0 0
2057 3 0 0 0 0 0 1 0 0
2059 2 0 0 0 0 0 0 0 0
2063 2 0 0 0 0 0 0 0 0
2071 2 0 0 1 0 0 0 0 0
2094 10 1 1 0 0 0 2 0 0
2098 2 1 1 0 0 0 0 0 0
2099 1 0 0 0 0 0 1 0 0
2116 2 0 0 1 0 0 0 0 0
2122 1 0 0 0 0 0 1 0 0
2123 4 0 0 0 0 0 1 0 0
2124 2 0 0 0 0 0 0 0 0
2125 2 0 0 0 0 0 0 0 0
2129 10 1 1 0 0 0 2 0 0
2132 2 0 0 0 0 0 0 0 0
2144 8 0 0 2 0 0 0 0 0
2189 4 1 1 2 0 0 2 0 0
2190 33 1 1 9 0 0 10 0 0
2192 29 1 1 23 0 0 0 0 0
fn=_dl_map_object_from_fd
933 28 2 2 0 0 0 20 2 2
948 8 0 0 2 0 0 2 0 0
978 35 0 0 9 0 0 0 0 0
979 10 1 1 5 0 0 0 0 0
997 4 1 1 2 0 0 0 0 0
1025 8 1 1 2 0 0 2 0 0
1035 4 0 0 2 0 0 0 0 0
1042 16 1 1 10 0 0 2 0 0
1043 4 0 0 0 0 0 0 0 0
1054 4 0 0 2 0 0 2 2 2
1055 6 0 0 2 0 0 2 0 0
1056 4 0 0 2 0 0 2 0 0
1058 6 1 1 0 0 0 0 0 0
1059 8 0 0 4 0 0 0 0 0
1060 2 0 0 0 0 0 1 0 0
1063 17 2 2 1 0 0 1 0 0
1064 6 0 0 1 0 0 1 1 1
1075 2 0 0 0 0 0 2 0 0
1077 2 1 1 0 0 0 2 0 0
1079 44 1 1 4 0 0 2 0 0
1080 2 0 0 0 0 0 0 0 0
1081 2 0 0 0 0 0 2 0 0
1082 2 0 0 0 0 0 2 0 0
1083 2 0 0 0 0 0 0 0 0
1089 90 0 0 4 0 0 0 0 0
1090 223 1 1 26 9 9 0 0 0
1096 4 1 1 2 0 0 0 0 0
1103 5 0 0 3 0 0 2 0 0
1104 6 0 0 2 0 0 2 0 0
1105 20 1 1 4 0 0 2 0 0
1110 2 0 0 1 0 0 1 0 0
1111 1 0 0 0 0 0 0 0 0
1116 62 2 2 26 1 1 2 0 0
1124 40 0 0 8 0 0 0 0 0
1125 52 1 1 0 0 0 8 2 2
1126 40 0 0 8 3 3 8 0 0
1127 8 0 0 0 0 0 8 0 0
1128 16 0 0 8 2 2 8 2 2
1130 56 0 0 8 1 1 0 0 0
1132 16 0 0 0 0 0 8 2 2
1145 34 1 1 12 0 0 0 0 0
1151 8 0 0 0 0 0 0 0 0
1152 82 1 1 16 0 0 16 0 0
1165 3 0 0 1 0 0 0 0 0
1169 4 1 1 0 0 0 1 1 1
1170 1 0 0 1 0 0 0 0 0
1174 5 0 0 0 0 0 1 1 1
1175 2 0 0 1 0 0 1 0 0
1178 1 0 0 0 0 0 1 0 0
1183 4 1 1 1 0 0 0 0 0
1198 4 1 1 2 0 0 2 0 0
1199 2 0 0 0 0 0 0 0 0
1202 6 1 1 4 1 1 2 1 1
1207 14 0 0 10 0 0 0 0 0
1217 42 1 1 0 0 0 0 0 0
1218 16 0 0 0 0 0 8 0 0
1224 4 1 1 0 0 0 0 0 0
1234 8 0 0 4 0 0 0 0 0
1241 14 0 0 6 0 0 2 0 0
1257 8 1 1 4 0 0 0 0 0
1258 6 0 0 2 0 0 2 0 0
1264 4 0 0 0 0 0 0 0 0
1265 4 0 0 0 0 0 0 0 0
1267 10 1 1 2 0 0 0 0 0
1277 6 0 0 2 0 0 0 0 0
1296 4 0 0 2 0 0 2 0 0
1298 12 1 1 4 0 0 0 0 0
1316 6 0 0 2 1 1 0 0 0
1317 2 0 0 1 0 0 1 0 0
1323 68 1 1 32 0 0 0 0 0
1324 120 0 0 26 22 22 0 0 0
1330 34 1 1 0 0 0 2 0 0
1335 8 1 1 2 0 0 2 0 0
1348 4 0 0 2 0 0 0 0 0
1350 8 0 0 4 0 0 2 0 0
1352 4 0 0 2 0 0 0 0 0
1368 4 1 1 0 0 0 2 0 0
1372 4 0 0 2 0 0 0 0 0
1373 4 0 0 2 0 0 0 0 0
1390 4 0 0 2 0 0 0 0 0
1391 1 0 0 0 0 0 1 0 0
1394 4 0 0 2 0 0 2 0 0
1399 4 1 1 2 0 0 0 0 0
1404 4 0 0 2 0 0 0 0 0
1416 16 0 0 6 0 0 0 0 0
1417 6 1 1 2 0 0 0 0 0
1418 9 1 1 3 0 0 1 0 0
1419 3 0 0 1 0 0 0 0 0
1420 5 0 0 1 0 0 1 0 0
1426 4 1 1 2 0 0 0 0 0
1427 4 0 0 1 0 0 0 0 0
1432 2 0 0 0 0 0 1 0 0
1439 6 0 0 2 0 0 2 0 0
1442 4 0 0 2 0 0 0 0 0
1446 6 1 1 2 0 0 2 0 0
1447 6 0 0 2 0 0 0 0 0
1465 4 0 0 0 0 0 0 0 0
1469 14 1 1 6 0 0 0 0 0
1470 8 0 0 2 0 0 2 0 0
1474 18 1 1 14 0 0 0 0 0
fn=_dl_process_pt_gnu_property
857 6 1 1 0 0 0 0 0 0
858 6 0 0 6 0 0 0 0 0
859 3 0 0 3 0 0 0 0 0
865 6 0 0 3 0 0 0 0 0
871 15 1 1 0 0 0 0 0 0
874 9 1 1 3 2 2 0 0 0
875 6 0 0 3 0 0 0 0 0
876 6 0 0 3 0 0 0 0 0
879 9 1 1 3 0 0 0 0 0
880 9 0 0 0 0 0 0 0 0
884 3 0 0 0 0 0 0 0 0
885 6 0 0 0 0 0 0 0 0
889 10 1 1 5 0 0 0 0 0
890 5 0 0 5 0 0 0 0 0
893 10 0 0 0 0 0 0 0 0
896 5 0 0 0 0 0 0 0 0
897 20 0 0 0 0 0 0 0 0
903 2 0 0 0 0 0 0 0 0
907 6 0 0 0 0 0 0 0 0
909 8 0 0 0 0 0 0 0 0
919 1 1 1 1 0 0 0 0 0
fn=cache_rpath
670 6 1 1 0 0 0 0 0 0
671 9 0 0 3 0 0 0 0 0
672 3 1 1 0 0 0 0 0 0
688 6 0 0 3 0 0 0 0 0
fn=expand_dynamic_string_token
374 16 1 1 0 0 0 10 0 0
384 4 0 0 0 0 0 2 0 0
387 4 0 0 0 0 0 0 0 0
388 4 0 0 0 0 0 0 0 0
399 10 0 0 10 0 0 0 0 0
fn=fillin_rpath.isra.0
457 18 2 2 0 0 0 12 0 0
461 1 0 0 0 0 0 0 0 0
463 12 0 0 4 0 0 2 0 0
470 2 0 0 1 0 0 0 0 0
472 6 1 1 1 0 0 2 0 0
476 2 0 0 0 0 0 0 0 0
481 3 0 0 0 0 0 1 0 0
482 2 0 0 0 0 0 0 0 0
489 5 1 1 1 0 0 0 0 0
494 2 1 1 0 0 0 1 0 0
498 6 0 0 2 0 0 0 0 0
499 2 1 1 1 0 0 0 0 0
517 4 1 1 1 0 0 1 0 0
521 4 0 0 2 0 0 0 0 0
523 2 1 1 0 0 0 0 0 0
527 1 0 0 0 0 0 1 1 1
528 2 0 0 1 0 0 0 0 0
529 4 0 0 0 0 0 2 0 0
530 1 0 0 0 0 0 1 0 0
532 2 0 0 1 0 0 0 0 0
538 4 0 0 1 0 0 0 0 0
539 15 1 1 1 0 0 0 0 0
540 3 1 1 0 0 0 3 0 0
542 2 0 0 1 0 0 1 0 0
543 3 0 0 1 0 0 0 0 0
544 1 0 0 0 0 0 1 0 0
550 2 0 0 1 0 0 1 0 0
551 1 0 0 0 0 0 1 0 0
554 3 0 0 0 0 0 1 0 0
560 1 0 0 0 0 0 1 0 0
563 8 1 1 7 0 0 0 0 0
fn=open_path
1748 11 2 2 0 0 0 9 2 2
1749 2 0 0 1 0 0 1 1 1
1752 1 0 0 0 0 0 1 0 0
1753 1 1 1 0 0 0 1 0 0
1755 2 0 0 0 0 0 0 0 0
1758 2 1 1 0 0 0 0 0 0
1760 21 2 2 3 1 1 1 0 0
1763 2 0 0 2 0 0 0 0 0
1767 1 0 0 0 0 0 1 0 0
1771 6 1 1 1 0 0 1 0 0
1778 5 0 0 3 0 0 1 1 1
1779 15 1 1 4 0 0 0 0 0
1782 6 0 0 3 0 0 0 0 0
1787 33 1 1 15 0 0 6 0 0
1790 9 0 0 3 0 0 0 0 0
1796 9 0 0 3 0 0 0 0 0
1797 1 0 0 0 0 0 1 0 0
1799 24 1 1 15 0 0 3 0 0
1801 9 0 0 3 0 0 0 0 0
1803 6 0 0 0 0 0 0 0 0
1808 6 1 1 3 0 0 0 0 0
1809 24 1 1 12 0 0 0 0 0
1815 12 1 1 6 0 0 3 0 0
1817 15 0 0 0 0 0 3 0 0
1818 5 0 0 1 0 0 1 0 0
1820 3 0 0 0 0 0 0 0 0
1822 4 0 0 0 0 0 3 0 0
1829 2 0 0 0 0 0 1 0 0
1873 9 2 2 3 0 0 1 1 1
1877 2 0 0 2 0 0 0 0 0
1879 4 0 0 3 0 0 0 0 0
1882 3 0 0 2 0 0 0 0 0
1896 9 1 1 7 0 0 0 0 0
fn=open_verify.constprop.0
1527 60 2 2 0 0 0 40 1 1
1559 15 0 0 5 0 0 0 0 0
1564 6 0 0 0 0 0 0 0 0
1578 25 0 0 0 0 0 5 0 0
1580 10 0 0 0 0 0 0 0 0
1588 2 0 0 0 0 0 2 1 1
1589 6 1 1 0 0 0 2 1 1
1594 14 0 0 0 0 0 2 0 0
1596 4 0 0 0 0 0 0 0 0
1598 6 0 0 2 0 0 2 0 0
1600 4 0 0 0 0 0 0 0 0
1606 4 0 0 0 0 0 0 0 0
1623 29 3 3 9 0 0 0 0 0
1685 4 0 0 2 0 0 0 0 0
1690 4 0 0 2 0 0 0 0 0
1696 8 1 1 2 0 0 0 0 0
1702 4 0 0 2 2 2 0 0 0
1708 8 0 0 2 0 0 0 0 0
1709 8 0 0 2 0 0 0 0 0
1713 16 3 3 1 0 0 0 0 0
1714 5 0 0 0 0 0 1 1 1
1735 45 1 1 35 0 0 0 0 0
fl=/usr/lib/debug/source/bootstrap/glibc.bst/elf/dl-lookup-direct.c
fn=_dl_lookup_direct
74 39 2 2 0 0 0 27 0 0
75 3 0 0 3 0 0 0 0 0
76 6 0 0 0 0 0 0 0 0
78 18 0 0 9 0 0 0 0 0
79 6 1 1 0 0 0 0 0 0
81 9 0 0 3 0 0 0 0 0
84 25 0 0 5 2 1 0 0 0
86 9 0 0 0 0 0 0 0 0
87 18 0 0 9 0 0 3 0 0
90 6 0 0 0 0 0 0 0 0
93 6 1 1 0 0 0 0 0 0
115 3 0 0 0 0 0 0 0 0
116 27 0 0 21 0 0 0 0 0
fn=check_match
31 33 1 1 0 0 0 18 0 0
32 15 0 0 9 0 0 0 0 0
33 9 1 1 0 0 0 0 0 0
35 6 0 0 3 3 3 0 0 0
36 6 0 0 3 0 0 0 0 0
40 9 0 0 0 0 0 0 0 0
48 9 0 0 3 0 0 3 0 0
51 6 0 0 6 0 0 0 0 0
53 15 0 0 3 0 0 3 0 0
57 6 1 1 6 2 2 0 0 0
58 18 0 0 6 1 0 0 0 0
59 9 0 0 3 0 0 3 0 0
64 27 0 0 21 0 0 0 0 0
fl=/usr/lib/debug/source/bootstrap/glibc.bst/elf/dl-lookup.c
fn=_dl_lookup_symbol_x
772 1391 1 1 0 0 0 963 1 0
774 428 1 1 0 0 0 107 1 0
776 963 1 1 107 0 0 321 0 0
778 107 0 0 107 0 0 0 0 0
782 412 1 1 99 0 0 0 0 0
784 115 0 0 0 0 0 0 0 0
785 214 0 0 107 0 0 0 0 0
791 886 0 0 220 1 0 0 0 0
792 2562 1 1 1171 0 0 963 2 1
797 214 0 0 0 0 0 0 0 0
799 36 2 2 6 0 0 0 0 0
816 214 1 1 107 0 0 107 0 0
817 18 1 1 0 0 0 6 0 0
820 214 1 1 107 0 0 0 0 0
821 695 0 0 97 0 0 0 0 0
856 909 1 1 101 0 0 0 0 0
870 303 0 0 101 3 1 0 0 0
871 2 1 1 0 0 0 1 0 0
873 202 0 0 101 0 0 0 0 0
880 24 1 1 0 0 0 0 0 0
892 963 0 0 749 0 0 0 0 0
fn=check_match
70 1545 2 2 206 29 23 618 2 0
73 824 1 1 206 12 12 0 0 0
78 4 0 0 0 0 0 0 0 0
86 505 0 0 0 0 0 0 0 0
89 460 1 1 86 0 0 43 0 0
93 101 0 0 101 1 0 0 0 0
94 202 0 0 0 0 0 0 0 0
96 198 0 0 0 0 0 0 0 0
115 198 0 0 198 14 6 0 0 0
116 792 1 1 297 4 0 0 0 0
117 495 1 1 198 0 0 99 1 1
144 4 1 1 0 0 0 0 0 0
146 12 0 0 4 2 1 0 0 0
147 8 0 0 0 0 0 0 0 0
161 101 0 0 0 0 0 0 0 0
162 824 0 0 721 0 0 0 0 0
fn=do_lookup_x
347 1498 2 2 214 0 0 1070 3 2
348 107 0 0 107 0 0 0 0 0
353 107 0 0 0 0 0 0 0 0
354 107 0 0 107 0 0 0 0 0
358 688 1 1 688 0 0 0 0 0
361 688 0 0 0 0 0 0 0 0
365 1128 0 0 113 0 0 0 0 0
386 684 0 0 342 0 0 0 0 0
390 684 1 1 342 0 0 0 0 0
396 1026 0 0 342 1 0 0 0 0
400 342 1 1 0 0 0 342 0 0
401 342 0 0 0 0 0 342 0 0
404 1710 0 0 1026 2 0 0 0 0
405 1026 0 0 684 0 0 0 0 0
408 342 0 0 342 0 0 0 0 0
409 684 0 0 0 0 0 0 0 0
411 342 0 0 342 62 49 0 0 0
412 684 0 0 0 0 0 0 0 0
413 342 0 0 342 0 0 0 0 0
416 1368 0 0 342 0 0 0 0 0
419 2394 0 0 0 0 0 0 0 0
422 206 0 0 206 52 43 0 0 0
423 309 1 1 0 0 0 0 0 0
424 206 1 1 0 0 0 0 0 0
426 206 0 0 103 0 0 0 0 0
429 1135 1 1 227 74 69 0 0 0
431 309 0 0 103 0 0 0 0 0
432 2472 0 0 618 0 0 1236 4 3
433 206 1 1 0 0 0 0 0 0
436 309 0 0 0 0 0 0 0 0
439 382 0 0 2 0 0 0 0 0
448 14 1 1 10 0 0 0 0 0
453 808 1 1 505 0 0 0 0 0
470 4 1 1 2 0 0 0 0 0
476 202 0 0 0 0 0 0 0 0
483 780 0 0 101 0 0 0 0 0
487 21 1 1 7 1 0 0 0 0
499 202 0 0 101 0 0 101 0 0
500 101 0 0 0 0 0 101 0 0
501 101 0 0 0 0 0 0 0 0
518 729 0 0 0 0 0 0 0 0
521 6 0 0 0 0 0 0 0 0
522 856 1 1 749 0 0 0 0 0
fl=/usr/lib/debug/source/bootstrap/glibc.bst/elf/dl-minimal-malloc.c
fn=__minimal_calloc
80 40 2 2 0 0 0 0 0 0
84 8 0 0 0 0 0 0 0 0
87 8 0 0 0 0 0 0 0 0
88 24 0 0 0 0 0 0 0 0
fn=__minimal_free
97 1 0 0 0 0 0 0 0 0
99 4 1 1 2 0 0 0 0 0
fn=__minimal_malloc
36 192 1 1 0 0 0 96 0 0
37 72 1 1 24 2 1 0 0 0
42 3 0 0 0 0 0 1 0 0
43 2 1 1 1 0 0 0 0 0
44 2 0 0 0 0 0 0 0 0
48 95 0 0 23 0 0 24 0 0
51 160 0 0 0 0 0 0 0 0
56 8 0 0 2 0 0 0 0 0
57 8 0 0 0 0 0 0 0 0
59 2 0 0 0 0 0 0 0 0
60 16 1 1 0 0 0 2 0 0
62 4 0 0 0 0 0 0 0 0
64 8 0 0 0 0 0 2 0 0
65 6 0 0 2 0 0 0 0 0
67 6 0 0 0 0 0 2 0 0
70 24 0 0 0 0 0 24 0 0
71 26 0 0 0 0 0 24 0 0
73 144 1 1 120 0 0 0 0 0
fl=/usr/lib/debug/source/bootstrap/glibc.bst/elf/dl-minimal.c
fn=__rtld_malloc_init_real
76 10 1 1 0 0 0 6 0 0
86 2 1 1 0 0 0 1 0 0
87 1 0 0 0 0 0 1 0 0
89 1 0 0 0 0 0 1 0 0
91 6 0 0 0 0 0 1 0 0
92 5 0 0 0 0 0 1 0 0
93 5 1 1 0 0 0 1 0 0
94 4 0 0 0 0 0 1 0 0
99 1 0 0 0 0 0 1 0 0
100 1 0 0 0 0 0 1 0 0
101 1 0 0 0 0 0 1 0 0
102 1 0 0 0 0 0 1 0 0
103 8 0 0 7 0 0 0 0 0
fn=__rtld_malloc_init_stubs
42 1 1 1 0 0 0 0 0 0
43 2 0 0 0 0 0 1 1 1
44 2 0 0 0 0 0 1 0 0
45 2 0 0 0 0 0 1 0 0
46 2 0 0 0 0 0 1 0 0
47 1 0 0 1 0 0 0 0 0
fn=lookup_malloc_symbol
61 36 1 1 0 0 0 16 0 0
63 4 0 0 0 0 0 4 0 0
64 28 0 0 4 0 0 12 0 0
68 28 1 1 16 0 0 0 0 0
69 28 0 0 12 0 0 0 0 0
71 4 0 0 0 0 0 4 0 0
72 28 1 1 24 0 0 0 0 0
fn=strsep
239 2 1 1 0 0 0 0 0 0
242 4 0 0 2 1 1 0 0 0
244 2 0 0 2 0 0 0 0 0
245 4 0 0 0 0 0 0 0 0
247 2 0 0 0 0 0 0 0 0
249 29 0 0 9 0 0 0 0 0
251 16 0 0 0 0 0 0 0 0
254 32 1 1 16 0 0 0 0 0
256 48 0 0 16 0 0 0 0 0
264 8 0 0 0 0 0 0 0 0
267 1 0 0 0 0 0 1 0 0
271 4 0 0 2 0 0 0 0 0
fl=/usr/lib/debug/source/bootstrap/glibc.bst/elf/dl-misc.c
fn=_dl_name_match_p
68 98 2 2 0 0 0 42 1 1
69 56 0 0 14 0 0 14 1 1
70 3 0 0 0 0 0 0 0 0
72 14 0 0 14 0 0 0 0 0
74 58 0 0 0 0 0 0 0 0
75 90 0 0 18 0 0 18 0 0
80 15 0 0 15 0 0 0 0 0
82 11 0 0 0 0 0 0 0 0
83 56 1 1 56 0 0 0 0 0
fn=_dl_sysdep_read_whole_file
36 11 1 1 0 0 0 5 0 0
39 3 0 0 0 0 0 1 0 0
40 2 0 0 0 0 0 0 0 0
42 6 1 1 0 0 0 1 0 0
44 2 0 0 1 1 1 1 0 0
47 2 0 0 0 0 0 0 0 0
49 8 0 0 0 0 0 1 0 0
60 3 0 0 0 0 0 1 0 0
63 8 0 0 6 0 0 0 0 0
fl=/usr/lib/debug/source/bootstrap/glibc.bst/elf/dl-object.c
fn=_dl_add_to_namespace_list
31 27 1 1 0 0 0 12 0 0
33 9 0 0 3 0 0 3 0 0
35 26 1 1 3 0 0 0 0 0
38 20 0 0 5 0 0 0 0 0
40 2 0 0 0 0 0 2 0 0
42 2 0 0 0 0 0 2 0 0
45 2 0 0 0 0 0 1 0 0
46 9 0 0 3 0 0 0 0 0
47 6 0 0 3 0 0 3 0 0
48 6 0 0 0 0 0 3 0 0
50 6 0 0 3 0 0 0 0 0
51 15 0 0 12 0 0 0 0 0
fn=_dl_new_object
59 45 2 2 0 0 0 30 2 2
62 6 0 0 0 0 0 0 0 0
64 2 1 1 0 0 0 0 0 0
66 3 1 1 1 0 0 0 0 0
67 2 0 0 0 0 0 0 0 0
71 6 1 1 0 0 0 2 0 0
77 2 0 0 0 0 0 0 0 0
80 2 0 0 2 0 0 0 0 0
83 13 1 1 2 0 0 7 2 2
87 4 0 0 0 0 0 0 0 0
92 2 0 0 0 0 0 0 0 0
95 6 0 0 0 0 0 0 0 0
98 3 0 0 0 0 0 3 3 3
99 3 0 0 0 0 0 3 3 3
100 6 0 0 3 0 0 0 0 0
103 6 0 0 0 0 0 3 0 0
104 21 1 1 9 0 0 9 0 0
106 3 0 0 0 0 0 3 0 0
119 13 0 0 8 0 0 0 0 0
123 2 0 0 0 0 0 0 0 0
125 1 0 0 0 0 0 0 0 0
127 21 1 1 6 3 3 6 0 0
130 6 0 0 3 0 0 0 0 0
131 6 1 1 0 0 0 3 3 3
132 3 0 0 0 0 0 3 0 0
136 3 0 0 0 0 0 3 0 0
139 76 1 1 0 0 0 0 0 0
141 16 0 0 0 0 0 16 4 4
149 6 0 0 0 0 0 3 0 0
150 3 0 0 0 0 0 3 3 3
153 1 1 1 0 0 0 0 0 0
155 18 1 1 3 1 1 0 0 0
157 8 0 0 0 0 0 2 2 2
160 8 0 0 0 0 0 0 0 0
164 8 0 0 2 0 0 0 0 0
168 14 1 1 2 0 0 0 0 0
176 1 1 1 0 0 0 1 0 0
179 6 1 1 0 0 0 3 0 0
189 12 0 0 6 0 0 0 0 0
191 8 0 0 0 0 0 4 0 0
195 6 0 0 0 0 0 0 0 0
199 4 0 0 0 0 0 0 0 0
200 4 0 0 0 0 0 0 0 0
208 2 0 0 0 0 0 0 0 0
212 2 0 0 0 0 0 0 0 0
245 8 1 1 4 0 0 2 0 0
250 84 0 0 0 0 0 0 0 0
251 84 0 0 42 0 0 0 0 0
255 4 0 0 0 0 0 0 0 0
256 2 0 0 0 0 0 2 0 0
259 2 0 0 0 0 0 2 0 0
263 27 0 0 21 0 0 0 0 0
fl=/usr/lib/debug/source/bootstrap/glibc.bst/elf/dl-reloc.c
fn=_dl_protect_relro
355 24 1 1 0 0 0 8 0 0
356 24 1 1 12 0 0 0 0 0
359 8 0 0 4 0 0 0 0 0
363 8 0 0 0 0 0 0 0 0
364 20 1 1 0 0 0 4 0 0
370 12 0 0 12 0 0 0 0 0
fn=_dl_relocate_object
170 636 1 1 159 76 75 0 0 0
171 202 0 0 0 0 0 0 0 0
174 1039 2 2 101 2 1 0 0 0
175 91 3 3 7 0 0 0 0 0
177 7 0 0 7 0 0 0 0 0
178 21 0 0 7 0 0 7 0 0
182 188 0 0 0 0 0 0 0 0
183 94 0 0 0 0 0 94 0 0
184 94 0 0 0 0 0 94 0 0
186 758 2 2 376 0 0 6 0 0
187 178 0 0 0 0 0 88 0 0
188 440 0 0 88 3 0 0 0 0
189 88 0 0 0 0 0 0 0 0
190 699 1 1 188 0 0 304 0 0
193 94 0 0 94 0 0 0 0 0
194 658 2 2 282 0 0 94 0 0
196 7 1 1 7 0 0 0 0 0
207 55 1 1 0 0 0 40 0 0
208 10 0 0 5 0 0 0 0 0
220 8 0 0 0 0 0 0 0 0
221 16 1 1 0 0 0 4 0 0
224 8 0 0 0 0 0 4 0 0
226 12 0 0 0 0 0 0 0 0
228 4 0 0 4 0 0 0 0 0
229 12 0 0 4 0 0 0 0 0
251 20 1 1 8 0 0 0 0 0
252 8 1 1 4 3 0 0 0 0
253 6 0 0 0 0 0 0 0 0
255 8 0 0 0 0 0 0 0 0
262 12 0 0 4 1 0 0 0 0
301 10320 9 9 1184 216 204 39 0 0
304 20 1 1 8 0 0 0 0 0
328 4 0 0 4 0 0 0 0 0
331 8 0 0 0 0 0 0 0 0
348 8 0 0 4 3 0 0 0 0
349 8 1 1 0 0 0 4 0 0
350 40 0 0 35 1 0 0 0 0
fl=/usr/lib/debug/source/bootstrap/glibc.bst/elf/dl-runtime.c
fn=_dl_fixup
46 99 1 1 0 0 0 54 0 0
48 45 0 0 36 0 0 0 0 0
49 27 1 1 18 0 0 0 0 0
54 9 0 0 9 0 0 0 0 0
55 36 0 0 9 0 0 0 0 0
56 63 1 1 9 5 0 9 0 0
58 18 0 0 9 0 0 0 0 0
63 18 0 0 0 0 0 0 0 0
67 18 0 0 9 4 3 0 0 0
69 9 0 0 0 0 0 0 0 0
71 27 0 0 9 0 0 0 0 0
75 27 0 0 18 1 0 0 0 0
76 36 1 1 9 0 0 0 0 0
77 27 0 0 9 0 0 0 0 0
84 9 0 0 0 0 0 0 0 0
85 27 0 0 9 0 0 0 0 0
95 99 1 1 18 0 0 27 0 0
99 45 0 0 27 0 0 0 0 0
109 90 1 1 36 0 0 9 0 0
124 36 0 0 9 0 0 0 0 0
133 27 0 0 9 0 0 0 0 0
159 27 1 1 9 0 0 0 0 0
162 18 1 1 9 0 0 0 0 0
163 72 0 0 63 0 0 0 0 0
fl=/usr/lib/debug/source/bootstrap/glibc.bst/elf/dl-setup_hash.c
fn=_dl_setup_hash
25 8 1 1 0 0 0 0 0 0
28 12 1 1 4 0 0 0 0 0
31 12 0 0 8 0 0 0 0 0
32 8 0 0 4 4 4 4 1 1
33 4 0 0 4 0 0 0 0 0
34 4 0 0 4 0 0 0 0 0
36 12 0 0 0 0 0 0 0 0
37 4 0 0 0 0 0 4 0 0
38 12 1 1 4 0 0 4 0 0
40 4 0 0 0 0 0 4 0 0
41 8 0 0 0 0 0 0 0 0
43 4 0 0 0 0 0 4 0 0
45 12 0 0 0 0 0 4 0 0
50 4 0 0 4 0 0 0 0 0
fl=/usr/lib/debug/source/bootstrap/glibc.bst/elf/dl-sort-maps.c
fn=_dl_sort_maps
140 40 2 1 8 0 0 8 0 0
181 2 0 0 0 0 0 2 0 0
182 4 0 0 2 0 0 0 0 0
183 34 2 1 0 0 0 0 0 0
184 16 0 0 16 0 0 0 0 0
211 34 4 2 2 0 0 0 0 0
216 4 2 1 0 0 0 2 0 0
218 2 0 0 0 0 0 2 0 0
219 10 0 0 0 0 0 0 0 0
221 24 0 0 0 0 0 0 0 0
223 8 0 0 8 0 0 0 0 0
226 24 0 0 8 0 0 0 0 0
244 8 0 0 2 0 0 0 0 0
263 10 2 1 0 0 0 2 0 0
276 8 4 2 2 0 0 0 0 0
283 2 0 0 0 0 0 0 0 0
298 26 1 0 0 0 0 14 0 0
306 6 2 1 2 1 0 0 0 0
310 18 6 3 14 0 0 0 0 0
fn=_dl_sort_maps_init
289 4 2 2 0 0 0 1 0 0
290 4 0 0 0 0 0 1 0 0
291 1 0 0 0 0 0 1 0 0
292 3 0 0 1 0 0 0 0 0
293 2 0 0 2 0 0 0 0 0
fn=dfs_traversal.part.0
135 72 2 1 0 0 0 40 0 0
140 20 0 0 10 0 0 0 0 0
143 8 2 1 8 0 0 0 0 0
145 24 0 0 8 2 0 0 0 0
147 60 0 0 15 3 0 0 0 0
156 28 1 0 4 0 0 0 0 0
171 24 0 0 8 0 0 8 0 0
172 8 0 0 0 0 0 8 0 0
173 48 1 1 48 0 0 0 0 0
fl=/usr/lib/debug/source/bootstrap/glibc.bst/elf/dl-tunables.c
fn=__GI___tunable_set_val
162 6 1 1 0 0 0 0 0 0
163 36 0 0 0 0 0 0 0 0
165 6 0 0 0 0 0 0 0 0
fn=__GI___tunables_init
43 395 1 1 79 0 0 0 0 0
46 78 0 0 0 0 0 0 0 0
49 8625 1 1 1221 48 48 0 0 0
53 156 0 0 0 0 0 0 0 0
57 312 0 0 0 0 0 0 0 0
294 11 1 1 0 0 0 6 0 0
300 3 0 0 1 0 0 0 0 0
304 32 0 0 0 0 0 27 4 4
317 2184 0 0 0 0 0 0 0 0
319 4212 0 0 702 1 1 0 0 0
320 2106 0 0 0 0 0 0 0 0
322 2106 1 1 702 9 9 0 0 0
340 6 1 1 1 0 0 0 0 0
343 27 0 0 0 0 0 0 0 0
346 27 0 0 9 0 0 0 0 0
355 8 2 2 7 0 0 0 0 0
fn=__tunable_get_val
438 78 1 1 0 0 0 0 0 0
441 462 2 1 39 38 36 0 0 0
450 53 2 1 36 24 19 17 0 0
451 17 0 0 0 0 0 0 0 0
460 28 0 0 0 0 0 22 0 0
467 234 0 0 39 10 8 0 0 0
469 39 0 0 39 0 0 0 0 0
fn=do_tunable_update_val
70 12 1 1 0 0 0 0 0 0
73 30 0 0 6 0 0 0 0 0
83 6 0 0 6 0 0 0 0 0
94 24 1 1 12 0 0 0 0 0
95 30 0 0 12 0 0 0 0 0
98 12 0 0 0 0 0 0 0 0
101 30 1 1 0 0 0 0 0 0
105 12 0 0 0 0 0 0 0 0
112 12 1 1 0 0 0 0 0 0
113 12 1 1 0 0 0 0 0 0
116 6 0 0 0 0 0 6 0 0
117 6 0 0 0 0 0 6 0 0
118 6 0 0 0 0 0 6 0 0
119 12 0 0 6 0 0 6 0 0
fl=/usr/lib/debug/source/bootstrap/glibc.bst/elf/dl-tunables.h
fn=__GI___tunables_init
160 1008 1 1 830 1 1 0 0 0
161 3298 0 0 0 0 0 0 0 0
fn=do_tunable_update_val
142 12 0 0 0 0 0 0 0 0
fl=/usr/lib/debug/source/bootstrap/glibc.bst/elf/dl-version.c
fn=_dl_check_all_versions
392 7 1 1 0 0 0 5 0 0
394 2 0 0 0 0 0 0 0 0
396 17 2 2 4 0 0 0 0 0
397 4 0 0 0 0 0 0 0 0
398 24 0 0 4 0 0 4 0 0
401 7 0 0 6 0 0 0 0 0
fn=_dl_check_map_versions
36 26 1 1 4 0 0 0 0 0
37 5 0 0 5 0 0 0 0 0
38 37 1 1 0 0 0 7 0 0
56 32 1 1 24 0 0 0 0 0
64 24 0 0 8 0 0 0 0 0
70 24 0 0 8 0 0 0 0 0
86 8 0 0 8 1 0 0 0 0
87 16 1 1 0 0 0 0 0 0
89 8 0 0 8 0 0 0 0 0
94 188 1 1 74 14 14 24 0 0
108 148 0 0 74 4 4 0 0 0
110 8 1 1 8 1 1 0 0 0
113 64 0 0 24 0 0 16 0 0
120 198 0 0 66 5 5 0 0 0
124 66 0 0 0 0 0 0 0 0
155 40 1 1 0 0 0 24 0 0
156 4 0 0 0 0 0 4 0 0
164 6 1 1 0 0 0 4 0 0
170 12 0 0 4 0 0 0 0 0
172 20 0 0 8 0 0 0 0 0
174 4 1 1 4 0 0 0 0 0
175 4 0 0 4 0 0 0 0 0
177 8 0 0 0 0 0 0 0 0
180 6 0 0 4 0 0 0 0 0
184 18 1 1 2 2 2 10 0 0
200 6 0 0 4 0 0 0 0 0
208 6 0 0 2 0 0 0 0 0
213 6 0 0 2 0 0 0 0 0
215 6 0 0 0 0 0 0 0 0
217 32 0 0 16 2 2 8 0 0
218 68 1 1 48 1 0 0 0 0
221 16 0 0 8 0 0 8 0 0
224 24 0 0 16 0 0 0 0 0
228 4 1 1 2 0 0 2 0 0
231 32 1 1 8 0 0 0 0 0
234 24 0 0 8 0 0 0 0 0
239 6 0 0 0 0 0 0 0 0
243 6 0 0 2 0 0 0 0 0
257 15 2 2 6 0 0 0 0 0
260 4 0 0 4 0 0 0 0 0
263 198 0 0 50 1 1 2 0 0
266 150 0 0 48 2 2 2 0 0
270 46 0 0 0 0 0 0 0 0
274 9 2 2 3 0 0 0 0 0
279 3 0 0 0 0 0 3 0 0
280 12 1 1 3 0 0 3 0 0
281 9 1 1 3 0 0 0 0 0
291 3 0 0 0 0 0 3 0 0
294 17 0 0 10 1 0 3 0 0
296 6 1 1 0 0 0 0 0 0
299 10 0 0 4 0 0 0 0 0
303 6 0 0 2 0 0 0 0 0
306 24 0 0 8 0 0 0 0 0
308 32 1 1 0 0 0 0 0 0
310 40 0 0 8 0 0 8 0 0
311 16 0 0 0 0 0 8 4 4
312 24 0 0 8 0 0 8 1 1
313 24 1 1 8 0 0 8 0 0
316 24 0 0 8 0 0 0 0 0
321 6 0 0 0 0 0 0 0 0
324 6 0 0 2 0 0 0 0 0
334 6 0 0 0 0 0 0 0 0
337 4 0 0 2 0 0 0 0 0
341 46 0 0 46 0 0 0 0 0
343 96 1 1 48 0 0 0 0 0
347 46 0 0 46 0 0 0 0 0
348 230 0 0 46 0 0 46 12 12
349 138 0 0 46 0 0 46 0 0
350 46 0 0 0 0 0 46 6 6
353 144 0 0 48 0 0 0 0 0
357 46 0 0 0 0 0 0 0 0
365 4 0 0 0 0 0 0 0 0
366 4 1 1 2 0 0 0 0 0
367 4 0 0 2 0 0 0 0 0
368 2 0 0 1 0 0 0 0 0
370 4 2 2 3 0 0 0 0 0
372 124 0 0 32 0 0 0 0 0
373 60 1 1 0 0 0 0 0 0
375 2 0 0 1 0 0 0 0 0
376 7 0 0 0 0 0 1 0 0
387 36 0 0 32 0 0 0 0 0
fl=/usr/lib/debug/source/bootstrap/glibc.bst/elf/do-rel.h
fn=_dl_relocate_object
48 8 0 0 0 0 0 0 0 0
49 32 0 0 8 1 0 0 0 0
51 4 0 0 4 0 0 0 0 0
53 72 1 1 16 0 0 8 0 0
72 4 0 0 0 0 0 0 0 0
73 6 1 1 0 0 0 5 0 0
80 24 0 0 8 0 0 0 0 0
83 61 1 1 2 0 0 1 0 0
85 68 1 1 17 6 6 0 0 0
96 2 0 0 0 0 0 0 0 0
97 2 0 0 0 0 0 0 0 0
114 21 1 1 0 0 0 0 0 0
123 36 0 0 0 0 0 0 0 0
124 12 0 0 6 3 2 0 0 0
126 21 1 1 7 3 0 0 0 0
129 20 1 1 10 2 0 5 0 0
131 627 0 0 158 0 0 0 0 0
133 765 0 0 459 102 101 0 0 0
134 612 1 1 153 0 0 153 0 0
135 459 0 0 306 0 0 153 0 0
136 612 1 1 153 0 0 0 0 0
138 459 0 0 0 0 0 0 0 0
141 172 0 0 43 0 0 43 0 0
142 43 0 0 0 0 0 43 0 0
143 43 1 1 0 0 0 0 0 0
147 110 0 0 0 0 0 110 0 0
150 404 3 3 110 0 0 0 0 0
151 51 1 1 17 1 0 0 0 0
164 18 1 1 12 0 0 0 0 0
165 202 0 0 4 0 0 4 0 0
166 180 1 1 60 0 0 0 0 0
169 129 0 0 86 0 0 0 0 0
171 172 1 1 43 0 0 43 0 0
172 43 0 0 43 0 0 0 0 0
173 86 0 0 43 0 0 0 0 0
180 35 2 2 8 0 0 4 0 0
182 42 1 1 12 2 2 6 0 0
183 12 0 0 12 0 0 0 0 0
185 18 0 0 0 0 0 0 0 0
193 6 0 0 0 0 0 6 0 0
196 18 0 0 6 0 0 0 0 0
211 5 0 0 3 0 0 0 0 0
fn=_dl_start
48 2 0 0 0 0 0 0 0 0
49 8 0 0 2 0 0 0 0 0
51 1 0 0 1 0 0 0 0 0
53 16 1 1 4 0 0 0 0 0
56 4 0 0 0 0 0 0 0 0
61 7 0 0 0 0 0 0 0 0
63 3 1 1 1 0 0 0 0 0
64 2 0 0 0 0 0 0 0 0
65 1 0 0 1 0 0 0 0 0
fl=/usr/lib/debug/source/bootstrap/glibc.bst/elf/get-dynamic-info.h
fn=_dl_map_object_from_fd
39 4 1 1 0 0 0 0 0 0
43 2 0 0 0 0 0 0 0 0
45 202 0 0 51 15 15 0 0 0
49 98 0 0 0 0 0 0 0 0
51 26 0 0 0 0 0 0 0 0
52 13 0 0 0 0 0 0 0 0
53 3 0 0 0 0 0 0 0 0
54 42 0 0 0 0 0 0 0 0
55 34 0 0 0 0 0 0 0 0
56 10 1 1 0 0 0 0 0 0
59 8 1 1 0 0 0 0 0 0
62 8 2 2 0 0 0 0 0 0
64 8 0 0 0 0 0 0 0 0
68 49 0 0 0 0 0 49 12 12
72 8 1 1 2 0 0 0 0 0
84 8 1 1 4 0 0 0 0 0
85 8 0 0 4 0 0 0 0 0
86 8 0 0 4 0 0 0 0 0
87 8 0 0 4 0 0 0 0 0
88 7 0 0 3 1 1 0 0 0
89 7 1 1 3 1 1 0 0 0
90 7 0 0 3 1 1 0 0 0
91 8 0 0 4 0 0 0 0 0
103 16 1 1 4 0 0 2 0 0
110 7 0 0 2 0 0 0 0 0
115 2 0 0 1 0 0 0 0 0
122 2 0 0 1 0 0 0 0 0
123 6 0 0 4 0 0 0 0 0
129 6 1 1 2 0 0 0 0 0
130 3 0 0 2 0 0 0 0 0
147 6 0 0 2 0 0 0 0 0
152 2 0 0 1 0 0 1 0 0
154 2 0 0 0 0 0 0 0 0
156 2 0 0 0 0 0 0 0 0
158 2 0 0 0 0 0 0 0 0
159 1 0 0 0 0 0 1 0 0
162 6 1 1 2 0 0 0 0 0
164 6 0 0 2 0 0 2 0 0
165 4 0 0 0 0 0 0 0 0
174 4 1 1 2 0 0 0 0 0
175 6 1 1 0 0 0 0 0 0
180 4 0 0 0 0 0 0 0 0
181 4 0 0 2 0 0 2 0 0
184 4 0 0 2 0 0 0 0 0
fl=/usr/lib/debug/source/bootstrap/glibc.bst/elf/rtld.c
fn=_dl_start
85 8 0 0 0 0 0 2 1 1
458 2 0 0 0 0 0 1 0 0
476 3 1 1 0 0 0 1 0 0
477 1 0 0 0 0 0 1 0 0
478 2 0 0 1 0 0 1 1 1
488 1 0 0 0 0 0 1 1 1
494 4 2 1 0 0 0 1 0 0
496 2 0 0 1 0 0 0 0 0
517 16 1 1 0 0 0 7 1 1
543 1 0 0 0 0 0 1 1 1
546 2 0 0 0 0 0 1 1 1
547 4 1 1 1 1 1 0 0 0
558 3 1 1 1 0 0 0 0 0
563 214 4 4 26 5 5 5 1 1
565 1 0 0 1 0 0 0 0 0
578 1 0 0 0 0 0 1 0 0
585 9 0 0 7 1 0 0 0 0
fn=dl_main
85 16 3 3 0 0 0 0 0 0
92 12 0 0 0 0 0 0 0 0
93 2 0 0 0 0 0 1 0 0
101 8 1 1 3 0 0 0 0 0
197 2 0 0 0 0 0 1 0 0
199 1 0 0 0 0 0 1 0 0
224 2 0 0 2 0 0 0 0 0
225 5 1 1 3 0 0 0 0 0
226 4 1 1 0 0 0 0 0 0
296 3 0 0 0 0 0 3 0 0
302 1 0 0 0 0 0 1 0 0
303 1 0 0 0 0 0 1 0 0
839 1 0 0 1 0 0 0 0 0
841 1 0 0 0 0 0 1 0 0
850 1 0 0 0 0 0 1 0 0
852 1 0 0 0 0 0 1 0 0
857 1 0 0 0 0 0 1 0 0
1117 1 0 0 1 0 0 0 0 0
1118 1 1 1 1 0 0 0 0 0
1120 1 0 0 0 0 0 0 0 0
1124 2 0 0 1 1 1 1 1 1
1126 1 0 0 1 0 0 0 0 0
1127 1 0 0 1 0 0 0 0 0
1142 1 0 0 0 0 0 0 0 0
1145 51 3 3 1 0 0 0 0 0
1146 127 0 0 24 8 8 0 0 0
1150 3 1 1 1 0 0 1 0 0
1155 3 0 0 2 0 0 1 0 0
1156 9 1 1 2 0 0 1 0 0
1165 4 1 1 0 0 0 2 0 0
1166 2 0 0 2 1 1 0 0 0
1168 1 0 0 0 0 0 1 0 0
1175 3 0 0 1 0 0 0 0 0
1193 1 0 0 0 0 0 0 0 0
1201 8 0 0 4 0 0 0 0 0
1202 24 1 1 8 1 1 0 0 0
1203 8 0 0 4 0 0 0 0 0
1204 1 0 0 0 0 0 1 0 0
1206 12 0 0 4 0 0 0 0 0
1207 14 0 0 0 0 0 0 0 0
1211 8 1 1 4 3 3 0 0 0
1212 8 0 0 4 0 0 0 0 0
1213 4 0 0 0 0 0 4 0 0
1217 8 0 0 0 0 0 0 0 0
1245 2 1 1 1 0 0 1 1 1
1249 3 0 0 2 1 1 1 0 0
1255 28 0 0 0 0 0 0 0 0
1256 64 0 0 14 0 0 0 0 0
1262 18 0 0 0 0 0 1 0 0
1268 3 0 0 1 1 1 0 0 0
1271 2 1 1 1 0 0 0 0 0
1273 2 0 0 1 0 0 0 0 0
1348 13 2 2 0 0 0 9 1 1
1353 1 0 0 0 0 0 0 0 0
1354 1 0 0 0 0 0 1 0 0
1360 1 0 0 0 0 0 1 1 1
1376 3 0 0 2 0 0 1 0 0
1377 4 1 1 2 0 0 0 0 0
1640 10 1 1 0 0 0 2 0 0
1642 2 0 0 0 0 0 0 0 0
1643 1 0 0 0 0 0 1 0 0
1644 2 1 1 1 0 0 1 0 0
1645 3 0 0 2 0 0 1 0 0
1649 3 0 0 0 0 0 1 0 0
1650 2 0 0 1 0 0 0 0 0
1675 3 0 0 1 0 0 0 0 0
1676 6 0 0 2 0 0 1 0 0
1677 3 1 1 2 0 0 0 0 0
1678 3 0 0 3 0 0 0 0 0
1681 1 1 1 0 0 0 1 0 0
1683 1 0 0 0 0 0 1 1 1
1684 1 0 0 0 0 0 1 0 0
1686 2 0 0 1 0 0 0 0 0
1687 2 0 0 0 0 0 1 0 0
1691 2 0 0 1 0 0 0 0 0
1693 2 0 0 0 0 0 0 0 0
1701 3 0 0 1 0 0 0 0 0
1708 2 1 1 0 0 0 1 0 0
1711 2 0 0 1 0 0 0 0 0
1736 4 0 0 1 0 0 1 0 0
1738 1 0 0 0 0 0 1 0 0
1743 2 1 1 1 0 0 0 0 0
1746 4 1 1 2 0 0 1 0 0
1747 4 0 0 1 0 0 1 0 0
1748 2 0 0 1 0 0 1 0 0
1749 1 0 0 0 0 0 1 0 0
1750 1 0 0 1 0 0 0 0 0
1751 1 0 0 1 0 0 0 0 0
1762 2 1 1 1 1 1 0 0 0
1763 2 0 0 1 0 0 0 0 0
1765 2 0 0 1 0 0 0 0 0
1767 1 0 0 0 0 0 1 0 0
1768 3 0 0 1 0 0 1 0 0
1773 5 1 1 0 0 0 0 0 0
1774 5 0 0 1 1 1 0 0 0
1776 3 1 1 2 1 1 1 1 1
1782 2 0 0 1 1 1 0 0 0
1791 2 1 1 1 0 0 0 0 0
1795 1 0 0 0 0 0 0 0 0
1796 2 1 1 1 0 0 0 0 0
1820 2 0 0 0 0 0 2 0 0
1826 1 0 0 0 0 0 1 0 0
1827 1 0 0 0 0 0 1 0 0
1832 3 0 0 0 0 0 1 0 0
1837 3 1 1 2 0 0 0 0 0
1839 1 0 0 0 0 0 0 0 0
1841 2 0 0 1 0 0 0 0 0
1845 5 0 0 1 0 0 1 0 0
1850 2 0 0 1 0 0 0 0 0
1866 6 0 0 0 0 0 1 0 0
1942 4 1 1 2 0 0 0 0 0
1946 19 4 4 1 0 0 0 0 0
1947 1 0 0 0 0 0 0 0 0
1950 3 0 0 0 0 0 1 0 0
1951 1 0 0 1 0 0 0 0 0
1952 2 0 0 0 0 0 0 0 0
1953 2 0 0 0 0 0 0 0 0
1958 3 0 0 1 0 0 0 0 0
1968 8 1 1 1 0 0 1 0 0
1974 19 0 0 1 0 0 0 0 0
1975 12 1 1 9 0 0 0 0 0
1978 3 0 0 2 0 0 1 0 0
1979 2 0 0 0 0 0 0 0 0
1980 2 0 0 1 0 0 1 0 0
1982 14 1 1 1 0 0 0 0 0
1983 6 0 0 3 0 0 0 0 0
1987 2 0 0 0 0 0 0 0 0
1993 1 1 1 0 0 0 1 0 0
1995 3 1 1 1 0 0 1 0 0
1996 3 0 0 1 0 0 0 0 0
1998 2 0 0 0 0 0 1 0 0
2000 2 0 0 0 0 0 0 0 0
2002 4 0 0 1 0 0 0 0 0
2003 3 1 1 1 0 0 0 0 0
2016 2 0 0 0 0 0 0 0 0
2017 2 0 0 1 0 0 1 0 0
2018 3 0 0 1 0 0 0 0 0
2029 4 0 0 0 0 0 1 0 0
2030 4 1 1 0 0 0 1 0 0
2031 5 0 0 0 0 0 1 0 0
2041 2 0 0 1 0 0 1 0 0
2042 2 0 0 1 0 0 0 0 0
2043 4 1 1 0 0 0 2 0 0
2045 2 0 0 0 0 0 0 0 0
2050 3 0 0 1 0 0 0 0 0
2249 2 1 1 0 0 0 1 0 0
2253 2 0 0 1 0 0 1 0 0
2259 2 0 0 1 0 0 1 0 0
2262 2 0 0 1 0 0 0 0 0
2270 2 0 0 2 0 0 0 0 0
2282 3 0 0 1 0 0 0 0 0
2285 3 0 0 1 1 0 1 0 0
2287 3 0 0 1 0 0 0 0 0
2288 6 1 1 1 0 0 1 0 0
2295 1 0 0 1 0 0 0 0 0
2296 23 1 1 2 0 0 1 1 0
2298 8 0 0 8 1 0 0 0 0
2303 8 0 0 8 4 0 0 0 0
2305 10 0 0 0 0 0 0 0 0
2307 1 1 1 0 0 0 1 1 0
2308 1 0 0 1 0 0 0 0 0
2311 4 0 0 4 0 0 0 0 0
2313 8 1 1 0 0 0 0 0 0
2314 24 0 0 6 3 0 3 0 0
2318 10 0 0 5 2 0 0 0 0
2319 3 1 1 0 0 0 1 0 0
2328 2 0 0 1 0 0 0 0 0
2332 4 1 1 2 0 0 0 0 0
2334 1 0 0 1 0 0 0 0 0
2341 3 0 0 1 0 0 1 0 0
2344 2 0 0 1 0 0 0 0 0
2348 3 1 1 2 1 0 0 0 0
2350 2 0 0 1 0 0 0 0 0
2360 1 1 1 0 0 0 1 0 0
2365 2 0 0 0 0 0 1 0 0
2368 1 0 0 0 0 0 1 0 0
2374 1 0 0 1 0 0 0 0 0
2375 5 0 0 2 0 0 1 0 0
2383 3 0 0 1 0 0 1 0 0
2390 1 0 0 0 0 0 1 0 0
2393 3 0 0 0 0 0 1 0 0
2397 2 0 0 0 0 0 1 0 0
2398 1 1 0 0 0 0 1 0 0
2399 1 0 0 0 0 0 1 0 0
2404 1 0 0 0 0 0 1 0 0
2409 8 0 0 7 2 0 0 0 0
2541 1 1 1 1 0 0 0 0 0
2612 1 0 0 0 0 0 1 1 1
2614 2 0 0 0 0 0 0 0 0
2616 15 0 0 0 0 0 3 0 0
2618 2 0 0 0 0 0 0 0 0
2620 109 1 1 21 0 0 0 0 0
2621 19 0 0 0 0 0 0 0 0
2629 14 1 1 2 2 2 0 0 0
2654 2 1 1 1 0 0 0 0 0
2664 4 1 1 2 0 0 0 0 0
2666 2 0 0 0 0 0 1 0 0
2667 1 0 0 0 0 0 0 0 0
2701 5 3 3 2 0 0 0 0 0
2703 2 0 0 0 0 0 1 0 0
2704 2 0 0 0 0 0 1 0 0
2705 1 0 0 0 0 0 0 0 0
2741 5 0 0 1 0 0 0 0 0
2764 5 0 0 1 0 0 1 0 0
fn=do_preload
806 8 2 2 0 0 0 4 0 0
808 1 0 0 0 0 0 1 0 0
812 1 0 0 0 0 0 1 0 0
813 1 0 0 0 0 0 1 0 0
814 1 0 0 0 0 0 1 0 0
816 1 0 0 1 0 0 0 0 0
818 6 0 0 0 0 0 1 0 0
819 3 0 0 1 0 0 0 0 0
827 3 1 1 1 0 0 0 0 0
833 6 0 0 5 0 0 0 0 0
fn=handle_preload_list
183 3 0 0 1 0 0 0 0 0
871 13 2 2 1 1 1 8 0 0
872 2 0 0 0 0 0 0 0 0
876 5 0 0 2 0 0 0 0 0
879 4 2 2 0 0 0 1 1 1
880 3 0 0 0 0 0 0 0 0
882 6 0 0 0 0 0 1 0 0
883 2 0 0 0 0 0 1 0 0
889 1 0 0 0 0 0 0 0 0
891 2 0 0 1 0 0 0 0 0
893 2 0 0 1 0 0 0 0 0
894 5 0 0 2 0 0 1 0 0
897 9 1 1 7 0 0 0 0 0
fn=init_tls
734 4 1 1 0 0 0 3 0 0
736 2 0 0 1 0 0 1 0 0
740 3 0 0 1 1 0 0 0 0
746 2 1 1 0 0 0 1 0 0
749 1 0 0 0 0 0 1 0 0
750 1 0 0 0 0 0 0 0 0
751 1 0 0 0 0 0 0 0 0
755 1 0 0 0 0 0 0 0 0
757 1 0 0 0 0 0 1 0 0
761 2 0 0 1 1 1 0 0 0
762 7 0 0 0 0 0 0 0 0
763 11 1 1 1 0 0 0 0 0
764 4 0 0 4 0 0 0 0 0
765 8 1 1 4 0 0 0 0 0
769 3 0 0 0 0 0 1 0 0
771 1 0 0 0 0 0 0 0 0
773 3 0 0 1 0 0 0 0 0
776 2 0 0 0 0 0 1 0 0
779 1 0 0 0 0 0 1 0 0
786 2 1 1 0 0 0 1 0 0
787 2 0 0 0 0 0 0 0 0
791 1 0 0 0 0 0 1 0 0
795 2 0 0 1 0 0 1 0 0
799 1 1 1 0 0 0 1 0 0
802 5 0 0 4 0 0 0 0 0
fn=map_doit
641 6 1 1 0 0 0 2 1 1
643 4 0 0 1 0 0 0 0 0
644 6 0 0 2 0 0 2 0 0
646 3 0 0 3 0 0 0 0 0
fn=version_check_doit
674 6 2 2 0 0 0 2 0 0
676 6 0 0 2 0 0 1 0 0
680 3 0 0 3 0 0 0 0 0
fl=/usr/lib/debug/source/bootstrap/glibc.bst/io/../sysdeps/unix/sysv/linux/access.c
fn=access
25 1 1 1 0 0 0 0 0 0
27 7 0 0 0 0 0 1 0 0
31 1 0 0 1 0 0 0 0 0
fl=/usr/lib/debug/source/bootstrap/glibc.bst/io/../sysdeps/unix/sysv/linux/close_nocancel.c
fn=__GI___close_nocancel
25 3 1 1 0 0 0 0 0 0
26 12 1 1 0 0 0 0 0 0
27 3 0 0 3 0 0 0 0 0
fl=/usr/lib/debug/source/bootstrap/glibc.bst/io/../sysdeps/unix/sysv/linux/fstat64.c
fn=fstat
30 3 1 1 0 0 0 0 0 0
39 12 0 0 0 0 0 0 0 0
72 3 0 0 3 0 0 0 0 0
fl=/usr/lib/debug/source/bootstrap/glibc.bst/io/../sysdeps/unix/sysv/linux/fstatat64.c
fn=fstatat
91 6 0 0 0 0 0 0 0 0
146 6 0 0 0 0 0 0 0 0
160 4 0 0 0 0 0 2 0 0
161 11 1 1 2 0 0 0 0 0
162 1 0 0 1 0 0 0 0 0
fl=/usr/lib/debug/source/bootstrap/glibc.bst/io/../sysdeps/unix/sysv/linux/open64_nocancel.c
fn=__open_nocancel
28 24 1 1 0 0 0 12 1 1
31 42 0 0 0 0 0 0 0 0
39 51 1 1 0 0 0 3 0 0
41 12 0 0 12 0 0 0 0 0
fl=/usr/lib/debug/source/bootstrap/glibc.bst/io/../sysdeps/unix/sysv/linux/pread64_nocancel.c
fn=__pread64_nocancel
25 4 0 0 0 0 0 0 0 0
26 8 0 0 0 0 0 0 0 0
27 2 0 0 2 0 0 0 0 0
fl=/usr/lib/debug/source/bootstrap/glibc.bst/io/../sysdeps/unix/sysv/linux/read_nocancel.c
fn=__read_nocancel
25 2 1 1 0 0 0 0 0 0
26 8 0 0 0 0 0 0 0 0
27 2 1 1 2 0 0 0 0 0
fl=/usr/lib/debug/source/bootstrap/glibc.bst/io/../sysdeps/unix/sysv/linux/stat64.c
fn=stat
28 6 0 0 0 0 0 0 0 0
29 12 0 0 0 0 0 0 0 0
fl=/usr/lib/debug/source/bootstrap/glibc.bst/malloc/scratch_buffer_set_array_size.c
fn=__libc_scratch_buffer_set_array_size
30 26 1 1 0 0 0 8 0 0
34 2 0 0 0 0 0 0 0 0
35 4 0 0 0 0 0 0 0 0
45 4 1 1 2 0 0 0 0 0
46 2 0 0 0 0 0 0 0 0
63 12 0 0 10 0 0 0 0 0
fl=/usr/lib/debug/source/bootstrap/glibc.bst/misc/../sysdeps/unix/syscall-template.S
fn=mprotect
117 20 1 1 0 0 0 0 0 0
122 4 0 0 4 0 0 0 0 0
fn=munmap
117 5 0 0 0 0 0 0 0 0
122 1 0 0 1 0 0 0 0 0
fl=/usr/lib/debug/source/bootstrap/glibc.bst/misc/../sysdeps/unix/sysv/linux/mmap64.c
fn=mmap
47 84 1 1 0 0 0 36 0 0
50 24 0 0 0 0 0 0 0 0
53 53 1 1 2 0 0 0 0 0
58 72 0 0 0 0 0 0 0 0
60 48 0 0 48 0 0 0 0 0
fl=/usr/lib/debug/source/bootstrap/glibc.bst/misc/../sysdeps/unix/sysv/linux/setvmaname.c
fn=__set_vma_name
33 11 1 1 0 0 0 4 0 0
35 7 0 0 3 0 0 0 0 0
40 7 1 1 1 0 0 1 1 1
47 1 1 1 0 0 0 1 0 0
49 6 0 0 5 0 0 0 0 0
fl=/usr/lib/debug/source/bootstrap/glibc.bst/setjmp/../sysdeps/x86_64/setjmp.S
fn=__sigsetjmp
31 3 1 1 0 0 0 0 0 0
33 3 0 0 0 0 0 3 1 1
42 3 0 0 0 0 0 0 0 0
43 6 0 0 3 0 0 0 0 0
44 3 0 0 0 0 0 3 0 0
48 3 0 0 0 0 0 3 0 0
49 3 0 0 0 0 0 3 0 0
50 3 0 0 0 0 0 3 0 0
51 3 0 0 0 0 0 3 0 0
52 3 0 0 0 0 0 0 0 0
54 6 1 1 3 0 0 0 0 0
56 3 0 0 0 0 0 3 1 1
57 3 0 0 3 0 0 0 0 0
60 6 0 0 3 0 0 0 0 0
62 3 0 0 0 0 0 3 0 0
70 3 0 0 0 0 0 0 0 0
73 3 0 0 0 0 0 0 0 0
74 3 0 0 0 0 0 3 1 1
81 3 0 0 0 0 0 0 0 0
82 3 0 0 3 0 0 0 0 0
fl=/usr/lib/debug/source/bootstrap/glibc.bst/string/../include/rtld-malloc.h
fn=strdup
56 6 0 0 3 0 0 3 0 0
fl=/usr/lib/debug/source/bootstrap/glibc.bst/string/../string/strcspn.c
fn=strcspn
32 6 1 1 0 0 0 2 0 0
33 3 0 0 1 1 1 0 0 0
34 2 0 0 1 0 0 0 0 0
39 6 1 1 0 0 0 4 2 2
40 4 0 0 0 0 0 4 1 1
41 4 0 0 0 0 0 4 1 1
42 4 1 1 0 0 0 4 0 0
44 1 0 0 0 0 0 0 0 0
47 9 0 0 3 0 0 3 0 0
48 6 0 0 0 0 0 0 0 0
51 4 0 0 2 0 0 0 0 0
52 4 1 1 2 0 0 0 0 0
53 4 0 0 2 0 0 0 0 0
54 4 0 0 2 0 0 0 0 0
56 4 0 0 0 0 0 0 0 0
61 13 0 0 0 0 0 0 0 0
62 26 1 1 26 1 1 0 0 0
63 26 0 0 26 0 0 0 0 0
64 26 0 0 26 0 0 0 0 0
65 13 0 0 13 0 0 0 0 0
67 78 0 0 13 0 0 0 0 0
69 1 0 0 0 0 0 0 0 0
70 4 1 1 0 0 0 0 0 0
71 3 0 0 3 0 0 0 0 0
fl=/usr/lib/debug/source/bootstrap/glibc.bst/string/../sysdeps/x86_64/multiarch/../multiarch/memcmp-sse2.S
fn=bcmp
59 1 1 1 0 0 0 0 0 0
71 1 0 0 0 0 0 0 0 0
72 1 0 0 0 0 0 0 0 0
94 1 0 0 0 0 0 0 0 0
95 1 0 0 0 0 0 0 0 0
140 1 1 1 1 0 0 0 0 0
141 1 0 0 1 0 0 0 0 0
143 1 0 0 0 0 0 0 0 0
144 1 0 0 0 0 0 0 0 0
146 1 0 0 1 0 0 0 0 0
147 1 0 0 1 0 0 0 0 0
149 1 0 0 0 0 0 0 0 0
150 1 0 0 0 0 0 0 0 0
197 1 0 0 0 0 0 0 0 0
198 1 0 0 0 0 0 0 0 0
199 1 0 0 0 0 0 0 0 0
200 1 0 0 0 0 0 0 0 0
201 1 0 0 0 0 0 0 0 0
202 1 0 0 1 0 0 0 0 0
fl=/usr/lib/debug/source/bootstrap/glibc.bst/string/../sysdeps/x86_64/multiarch/../multiarch/memset-vec-unaligned-erms.S
fn=memset
137 5 1 1 0 0 0 0 0 0
138 25 0 0 0 0 0 0 0 0
143 5 0 0 0 0 0 0 0 0
144 5 0 0 0 0 0 0 0 0
147 3 0 0 0 0 0 0 0 0
148 3 0 0 0 0 0 0 0 0
150 1 0 0 0 0 0 1 0 0
151 1 0 0 0 0 0 1 0 0
152 1 0 0 1 0 0 0 0 0
236 2 1 1 0 0 0 2 1 1
237 2 0 0 0 0 0 2 0 0
249 2 0 0 0 0 0 0 0 0
252 2 0 0 0 0 0 0 0 0
253 2 0 0 0 0 0 0 0 0
265 2 0 0 0 0 0 2 0 0
266 2 0 0 0 0 0 2 2 2
279 2 0 0 0 0 0 0 0 0
280 2 0 0 0 0 0 0 0 0
282 2 0 0 0 0 0 0 0 0
285 1 0 0 0 0 0 0 0 0
288 2 0 0 0 0 0 0 0 0
291 35 0 0 0 0 0 35 34 34
292 35 0 0 0 0 0 35 0 0
293 35 0 0 0 0 0 35 0 0
294 35 0 0 0 0 0 35 0 0
295 35 0 0 0 0 0 0 0 0
296 35 0 0 0 0 0 0 0 0
297 35 0 0 0 0 0 0 0 0
300 2 0 0 0 0 0 2 1 1
301 2 0 0 0 0 0 2 0 0
302 2 0 0 0 0 0 2 0 0
303 2 0 0 0 0 0 2 0 0
308 2 0 0 2 0 0 0 0 0
354 2 1 1 0 0 0 0 0 0
356 2 0 0 0 0 0 0 0 0
357 2 0 0 0 0 0 0 0 0
396 2 1 1 0 0 0 2 1 1
397 2 0 0 0 0 0 2 1 1
399 2 0 0 2 0 0 0 0 0
fl=/usr/lib/debug/source/bootstrap/glibc.bst/string/../sysdeps/x86_64/multiarch/../multiarch/strchr-sse2.S
fn=index
32 15 1 1 0 0 0 0 0 0
33 15 0 0 0 0 0 0 0 0
34 15 0 0 0 0 0 0 0 0
35 15 0 0 0 0 0 0 0 0
36 15 1 1 0 0 0 0 0 0
37 15 0 0 0 0 0 0 0 0
38 15 0 0 0 0 0 0 0 0
39 15 0 0 0 0 0 0 0 0
40 15 0 0 0 0 0 0 0 0
41 15 0 0 15 2 2 0 0 0
42 15 0 0 0 0 0 0 0 0
43 15 0 0 0 0 0 0 0 0
44 15 0 0 0 0 0 0 0 0
45 15 0 0 0 0 0 0 0 0
46 15 0 0 0 0 0 0 0 0
47 15 0 0 0 0 0 0 0 0
48 15 0 0 0 0 0 0 0 0
49 15 0 0 0 0 0 0 0 0
50 13 0 0 0 0 0 0 0 0
54 13 0 0 0 0 0 0 0 0
55 13 1 1 0 0 0 0 0 0
56 13 0 0 13 0 0 0 0 0
57 13 0 0 0 0 0 0 0 0
59 13 0 0 13 0 0 0 0 0
63 2 0 0 2 0 0 0 0 0
64 2 0 0 0 0 0 0 0 0
65 2 0 0 0 0 0 0 0 0
66 2 0 0 0 0 0 0 0 0
67 2 0 0 0 0 0 0 0 0
68 2 0 0 0 0 0 0 0 0
69 2 0 0 2 1 1 0 0 0
70 2 0 0 0 0 0 0 0 0
71 2 0 0 0 0 0 0 0 0
72 2 0 0 0 0 0 0 0 0
73 2 0 0 0 0 0 0 0 0
74 2 1 1 0 0 0 0 0 0
75 2 0 0 0 0 0 0 0 0
76 2 0 0 2 0 0 0 0 0
77 2 0 0 0 0 0 0 0 0
78 2 0 0 0 0 0 0 0 0
79 2 0 0 0 0 0 0 0 0
80 2 0 0 0 0 0 0 0 0
81 2 0 0 0 0 0 0 0 0
82 2 0 0 0 0 0 0 0 0
83 2 0 0 0 0 0 0 0 0
84 2 0 0 0 0 0 0 0 0
85 2 0 0 0 0 0 0 0 0
86 2 0 0 0 0 0 0 0 0
138 2 1 1 0 0 0 0 0 0
142 2 0 0 0 0 0 0 0 0
143 2 0 0 0 0 0 0 0 0
144 2 0 0 2 0 0 0 0 0
145 2 0 0 0 0 0 0 0 0
147 2 0 0 2 0 0 0 0 0
fl=/usr/lib/debug/source/bootstrap/glibc.bst/string/../sysdeps/x86_64/multiarch/../multiarch/strcmp-sse2.S
fn=strcmp
98 192 1 1 0 0 0 0 0 0
131 192 0 0 0 0 0 0 0 0
132 192 0 0 0 0 0 0 0 0
134 192 0 0 0 0 0 0 0 0
135 192 0 0 0 0 0 0 0 0
156 192 0 0 0 0 0 0 0 0
157 192 0 0 0 0 0 0 0 0
158 106 0 0 0 0 0 0 0 0
159 106 0 0 0 0 0 0 0 0
160 63 0 0 63 13 9 0 0 0
161 63 1 1 63 2 2 0 0 0
162 63 0 0 63 0 0 0 0 0
163 63 0 0 63 0 0 0 0 0
180 63 0 0 0 0 0 0 0 0
181 63 0 0 0 0 0 0 0 0
182 63 0 0 0 0 0 0 0 0
183 63 0 0 0 0 0 0 0 0
184 63 0 0 0 0 0 0 0 0
185 63 0 0 0 0 0 0 0 0
186 63 0 0 0 0 0 0 0 0
191 10 0 0 0 0 0 0 0 0
192 30 0 0 0 0 0 0 0 0
201 139 1 1 0 0 0 0 0 0
202 139 0 0 0 0 0 0 0 0
203 139 0 0 0 0 0 0 0 0
204 139 0 0 0 0 0 0 0 0
205 139 0 0 0 0 0 0 0 0
206 139 0 0 0 0 0 0 0 0
207 139 0 0 0 0 0 0 0 0
208 139 0 0 0 0 0 0 0 0
209 79 0 0 0 0 0 0 0 0
210 47 0 0 0 0 0 0 0 0
211 47 0 0 0 0 0 0 0 0
212 47 0 0 0 0 0 0 0 0
214 79 0 0 0 0 0 0 0 0
215 79 0 0 0 0 0 0 0 0
216 79 0 0 0 0 0 0 0 0
217 79 0 0 79 3 2 0 0 0
218 79 0 0 0 0 0 0 0 0
219 79 0 0 0 0 0 0 0 0
229 60 1 1 60 0 0 0 0 0
230 60 0 0 0 0 0 0 0 0
231 60 0 0 0 0 0 0 0 0
233 60 0 0 60 0 0 0 0 0
239 60 0 0 0 0 0 0 0 0
240 60 0 0 0 0 0 0 0 0
241 60 0 0 0 0 0 0 0 0
242 60 0 0 0 0 0 0 0 0
243 60 0 0 0 0 0 0 0 0
248 60 0 0 0 0 0 0 0 0
250 56 0 0 0 0 0 0 0 0
251 56 0 0 0 0 0 0 0 0
252 112 0 0 0 0 0 0 0 0
260 56 1 1 56 0 0 0 0 0
261 56 0 0 56 0 0 0 0 0
264 56 0 0 0 0 0 0 0 0
265 56 0 0 0 0 0 0 0 0
266 56 0 0 0 0 0 0 0 0
267 56 0 0 0 0 0 0 0 0
268 56 0 0 0 0 0 0 0 0
269 56 0 0 0 0 0 0 0 0
424 1 1 1 0 0 0 0 0 0
425 1 0 0 1 0 0 0 0 0
426 1 0 0 1 0 0 0 0 0
427 1 0 0 0 0 0 0 0 0
428 1 0 0 0 0 0 0 0 0
430 1 0 0 0 0 0 0 0 0
431 1 0 0 0 0 0 0 0 0
432 1 1 1 0 0 0 0 0 0
433 1 0 0 0 0 0 0 0 0
434 1 0 0 0 0 0 0 0 0
435 1 0 0 0 0 0 0 0 0
436 1 0 0 0 0 0 0 0 0
437 1 0 0 1 0 0 0 0 0
440 1 0 0 0 0 0 0 0 0
441 1 0 0 0 0 0 0 0 0
442 1 0 0 0 0 0 0 0 0
448 1 0 0 0 0 0 0 0 0
449 1 0 0 0 0 0 0 0 0
450 2 0 0 0 0 0 0 0 0
454 1 1 1 0 0 0 0 0 0
455 1 0 0 0 0 0 0 0 0
458 1 0 0 1 0 0 0 0 0
459 1 0 0 1 0 0 0 0 0
460 1 0 0 0 0 0 0 0 0
462 1 0 0 0 0 0 0 0 0
463 1 0 0 0 0 0 0 0 0
464 1 0 0 0 0 0 0 0 0
468 1 0 0 0 0 0 0 0 0
469 1 0 0 0 0 0 0 0 0
470 1 0 0 0 0 0 0 0 0
471 1 0 0 0 0 0 0 0 0
472 1 0 0 0 0 0 0 0 0
473 1 1 1 0 0 0 0 0 0
542 2 1 1 0 0 0 0 0 0
543 2 0 0 2 0 0 0 0 0
544 2 0 0 2 0 0 0 0 0
545 2 0 0 0 0 0 0 0 0
546 2 0 0 0 0 0 0 0 0
548 2 0 0 0 0 0 0 0 0
549 2 0 0 0 0 0 0 0 0
550 2 1 1 0 0 0 0 0 0
551 2 0 0 0 0 0 0 0 0
552 2 0 0 0 0 0 0 0 0
553 2 0 0 0 0 0 0 0 0
554 2 0 0 0 0 0 0 0 0
555 2 0 0 2 0 0 0 0 0
559 2 0 0 0 0 0 0 0 0
560 2 0 0 0 0 0 0 0 0
561 2 0 0 0 0 0 0 0 0
567 2 0 0 0 0 0 0 0 0
568 2 0 0 0 0 0 0 0 0
569 4 0 0 0 0 0 0 0 0
573 2 1 1 0 0 0 0 0 0
574 2 0 0 0 0 0 0 0 0
577 2 0 0 2 0 0 0 0 0
578 2 0 0 2 1 1 0 0 0
579 2 0 0 0 0 0 0 0 0
581 2 0 0 0 0 0 0 0 0
582 2 0 0 0 0 0 0 0 0
583 2 0 0 0 0 0 0 0 0
587 2 0 0 0 0 0 0 0 0
588 2 0 0 0 0 0 0 0 0
589 2 0 0 0 0 0 0 0 0
590 2 0 0 0 0 0 0 0 0
591 2 0 0 0 0 0 0 0 0
592 2 1 1 0 0 0 0 0 0
661 3 1 1 0 0 0 0 0 0
662 3 0 0 3 1 1 0 0 0
663 3 0 0 3 1 0 0 0 0
664 3 0 0 0 0 0 0 0 0
665 3 0 0 0 0 0 0 0 0
667 3 0 0 0 0 0 0 0 0
668 3 0 0 0 0 0 0 0 0
669 3 1 1 0 0 0 0 0 0
670 3 0 0 0 0 0 0 0 0
671 3 0 0 0 0 0 0 0 0
672 3 0 0 0 0 0 0 0 0
673 3 0 0 0 0 0 0 0 0
674 3 0 0 3 0 0 0 0 0
678 3 0 0 0 0 0 0 0 0
679 3 0 0 0 0 0 0 0 0
680 3 0 0 0 0 0 0 0 0
686 3 0 0 0 0 0 0 0 0
687 3 0 0 0 0 0 0 0 0
688 6 0 0 0 0 0 0 0 0
692 3 1 1 0 0 0 0 0 0
693 3 0 0 0 0 0 0 0 0
696 3 0 0 3 1 0 0 0 0
697 3 0 0 3 1 1 0 0 0
698 3 0 0 0 0 0 0 0 0
700 3 0 0 0 0 0 0 0 0
701 3 0 0 0 0 0 0 0 0
702 3 0 0 0 0 0 0 0 0
706 3 0 0 0 0 0 0 0 0
707 3 0 0 0 0 0 0 0 0
708 3 0 0 0 0 0 0 0 0
709 3 0 0 0 0 0 0 0 0
710 3 0 0 0 0 0 0 0 0
711 3 1 1 0 0 0 0 0 0
718 1 0 0 0 0 0 0 0 0
719 1 0 0 0 0 0 0 0 0
721 1 0 0 0 0 0 0 0 0
722 1 0 0 0 0 0 0 0 0
724 1 0 0 1 1 1 0 0 0
725 1 0 0 1 0 0 0 0 0
726 1 0 0 0 0 0 0 0 0
728 1 0 0 0 0 0 0 0 0
729 1 0 0 0 0 0 0 0 0
730 1 0 0 0 0 0 0 0 0
734 1 0 0 0 0 0 0 0 0
735 1 0 0 0 0 0 0 0 0
736 1 0 0 0 0 0 0 0 0
737 1 0 0 0 0 0 0 0 0
738 1 1 1 0 0 0 0 0 0
739 1 0 0 0 0 0 0 0 0
780 2 1 1 0 0 0 0 0 0
781 2 0 0 2 2 2 0 0 0
782 2 0 0 2 1 1 0 0 0
783 2 0 0 0 0 0 0 0 0
784 2 0 0 0 0 0 0 0 0
786 2 0 0 0 0 0 0 0 0
787 2 0 0 0 0 0 0 0 0
788 2 1 1 0 0 0 0 0 0
789 2 0 0 0 0 0 0 0 0
790 2 0 0 0 0 0 0 0 0
791 2 0 0 0 0 0 0 0 0
792 2 0 0 0 0 0 0 0 0
793 2 0 0 2 0 0 0 0 0
797 2 0 0 0 0 0 0 0 0
798 2 0 0 0 0 0 0 0 0
799 2 0 0 0 0 0 0 0 0
805 2 0 0 0 0 0 0 0 0
806 2 0 0 0 0 0 0 0 0
807 4 0 0 0 0 0 0 0 0
811 2 1 1 0 0 0 0 0 0
812 2 0 0 0 0 0 0 0 0
815 2 0 0 2 1 1 0 0 0
816 2 0 0 2 1 1 0 0 0
817 2 0 0 0 0 0 0 0 0
819 2 0 0 0 0 0 0 0 0
820 2 0 0 0 0 0 0 0 0
821 2 0 0 0 0 0 0 0 0
825 2 0 0 0 0 0 0 0 0
826 2 0 0 0 0 0 0 0 0
827 2 0 0 0 0 0 0 0 0
828 2 0 0 0 0 0 0 0 0
829 2 0 0 0 0 0 0 0 0
830 2 1 1 0 0 0 0 0 0
837 1 0 0 0 0 0 0 0 0
838 1 0 0 0 0 0 0 0 0
840 1 0 0 0 0 0 0 0 0
841 1 0 0 0 0 0 0 0 0
843 1 0 0 1 0 0 0 0 0
844 1 0 0 1 0 0 0 0 0
845 1 0 0 0 0 0 0 0 0
847 1 0 0 0 0 0 0 0 0
848 1 0 0 0 0 0 0 0 0
849 1 0 0 0 0 0 0 0 0
853 1 0 0 0 0 0 0 0 0
854 1 0 0 0 0 0 0 0 0
855 1 0 0 0 0 0 0 0 0
856 1 0 0 0 0 0 0 0 0
857 1 1 1 0 0 0 0 0 0
858 1 0 0 0 0 0 0 0 0
899 6 1 1 0 0 0 0 0 0
900 6 0 0 6 1 1 0 0 0
901 6 0 0 6 0 0 0 0 0
902 6 0 0 0 0 0 0 0 0
903 6 0 0 0 0 0 0 0 0
905 6 0 0 0 0 0 0 0 0
906 6 0 0 0 0 0 0 0 0
907 6 1 1 0 0 0 0 0 0
908 6 0 0 0 0 0 0 0 0
909 6 0 0 0 0 0 0 0 0
910 6 0 0 0 0 0 0 0 0
911 6 0 0 0 0 0 0 0 0
912 2 0 0 2 0 0 0 0 0
916 2 0 0 0 0 0 0 0 0
917 2 0 0 0 0 0 0 0 0
918 2 0 0 0 0 0 0 0 0
924 2 0 0 0 0 0 0 0 0
925 2 0 0 0 0 0 0 0 0
926 4 0 0 0 0 0 0 0 0
930 2 1 1 0 0 0 0 0 0
931 2 0 0 0 0 0 0 0 0
934 2 0 0 2 0 0 0 0 0
935 2 0 0 2 0 0 0 0 0
936 2 0 0 0 0 0 0 0 0
938 2 0 0 0 0 0 0 0 0
939 2 0 0 0 0 0 0 0 0
940 2 0 0 0 0 0 0 0 0
944 2 0 0 0 0 0 0 0 0
945 2 0 0 0 0 0 0 0 0
946 2 0 0 0 0 0 0 0 0
947 2 0 0 0 0 0 0 0 0
948 2 0 0 0 0 0 0 0 0
949 2 1 1 0 0 0 0 0 0
1018 2 1 1 0 0 0 0 0 0
1019 2 0 0 2 1 1 0 0 0
1020 2 0 0 2 1 0 0 0 0
1021 2 0 0 0 0 0 0 0 0
1022 2 0 0 0 0 0 0 0 0
1024 2 0 0 0 0 0 0 0 0
1025 2 0 0 0 0 0 0 0 0
1026 2 1 1 0 0 0 0 0 0
1027 2 0 0 0 0 0 0 0 0
1028 2 0 0 0 0 0 0 0 0
1029 2 0 0 0 0 0 0 0 0
1030 2 0 0 0 0 0 0 0 0
1031 2 0 0 2 0 0 0 0 0
1035 2 0 0 0 0 0 0 0 0
1036 2 0 0 0 0 0 0 0 0
1037 2 0 0 0 0 0 0 0 0
1043 2 0 0 0 0 0 0 0 0
1044 2 0 0 0 0 0 0 0 0
1045 4 0 0 0 0 0 0 0 0
1049 2 1 1 0 0 0 0 0 0
1050 2 0 0 0 0 0 0 0 0
1053 2 0 0 2 1 1 0 0 0
1054 2 0 0 2 1 0 0 0 0
1055 2 0 0 0 0 0 0 0 0
1057 2 0 0 0 0 0 0 0 0
1058 2 0 0 0 0 0 0 0 0
1059 2 0 0 0 0 0 0 0 0
1063 2 0 0 0 0 0 0 0 0
1064 2 0 0 0 0 0 0 0 0
1065 2 0 0 0 0 0 0 0 0
1066 2 0 0 0 0 0 0 0 0
1067 2 0 0 0 0 0 0 0 0
1068 2 1 1 0 0 0 0 0 0
1137 7 1 1 0 0 0 0 0 0
1138 7 0 0 7 1 0 0 0 0
1139 7 0 0 7 1 1 0 0 0
1140 7 0 0 0 0 0 0 0 0
1141 7 0 0 0 0 0 0 0 0
1143 7 0 0 0 0 0 0 0 0
1144 7 0 0 0 0 0 0 0 0
1145 7 1 1 0 0 0 0 0 0
1146 7 0 0 0 0 0 0 0 0
1147 7 0 0 0 0 0 0 0 0
1148 7 0 0 0 0 0 0 0 0
1149 7 0 0 0 0 0 0 0 0
1150 4 0 0 4 0 0 0 0 0
1154 4 0 0 0 0 0 0 0 0
1155 4 0 0 0 0 0 0 0 0
1156 4 0 0 0 0 0 0 0 0
1162 4 0 0 0 0 0 0 0 0
1163 4 0 0 0 0 0 0 0 0
1164 8 0 0 0 0 0 0 0 0
1168 4 1 1 0 0 0 0 0 0
1169 4 0 0 0 0 0 0 0 0
1172 4 0 0 4 0 0 0 0 0
1173 4 0 0 4 1 1 0 0 0
1174 4 0 0 0 0 0 0 0 0
1176 4 0 0 0 0 0 0 0 0
1177 4 0 0 0 0 0 0 0 0
1178 4 0 0 0 0 0 0 0 0
1182 4 0 0 0 0 0 0 0 0
1183 4 0 0 0 0 0 0 0 0
1184 4 0 0 0 0 0 0 0 0
1185 4 0 0 0 0 0 0 0 0
1186 4 0 0 0 0 0 0 0 0
1187 4 1 1 0 0 0 0 0 0
1256 5 1 1 0 0 0 0 0 0
1257 5 0 0 5 1 1 0 0 0
1258 5 0 0 5 0 0 0 0 0
1259 5 0 0 0 0 0 0 0 0
1260 5 0 0 0 0 0 0 0 0
1262 5 0 0 0 0 0 0 0 0
1263 5 0 0 0 0 0 0 0 0
1264 5 1 1 0 0 0 0 0 0
1265 5 0 0 0 0 0 0 0 0
1266 5 0 0 0 0 0 0 0 0
1267 5 0 0 0 0 0 0 0 0
1268 5 0 0 0 0 0 0 0 0
1269 4 0 0 4 0 0 0 0 0
1273 4 0 0 0 0 0 0 0 0
1274 4 0 0 0 0 0 0 0 0
1275 4 0 0 0 0 0 0 0 0
1281 4 0 0 0 0 0 0 0 0
1282 4 0 0 0 0 0 0 0 0
1283 8 0 0 0 0 0 0 0 0
1287 4 1 1 0 0 0 0 0 0
1288 4 0 0 0 0 0 0 0 0
1291 4 0 0 4 0 0 0 0 0
1292 4 0 0 4 1 1 0 0 0
1293 4 0 0 0 0 0 0 0 0
1295 4 0 0 0 0 0 0 0 0
1296 4 0 0 0 0 0 0 0 0
1297 4 0 0 0 0 0 0 0 0
1301 4 0 0 0 0 0 0 0 0
1302 4 0 0 0 0 0 0 0 0
1303 4 0 0 0 0 0 0 0 0
1304 4 0 0 0 0 0 0 0 0
1305 4 0 0 0 0 0 0 0 0
1306 4 1 1 0 0 0 0 0 0
1313 1 0 0 0 0 0 0 0 0
1314 1 0 0 0 0 0 0 0 0
1316 1 0 0 0 0 0 0 0 0
1317 1 0 0 0 0 0 0 0 0
1319 1 0 0 1 0 0 0 0 0
1320 1 0 0 1 0 0 0 0 0
1321 1 0 0 0 0 0 0 0 0
1323 1 0 0 0 0 0 0 0 0
1324 1 0 0 0 0 0 0 0 0
1325 1 0 0 0 0 0 0 0 0
1329 1 0 0 0 0 0 0 0 0
1330 1 0 0 0 0 0 0 0 0
1331 1 0 0 0 0 0 0 0 0
1332 1 0 0 0 0 0 0 0 0
1333 1 1 1 0 0 0 0 0 0
1334 1 0 0 0 0 0 0 0 0
1375 5 2 1 0 0 0 0 0 0
1376 5 0 0 5 1 0 0 0 0
1377 5 0 0 5 0 0 0 0 0
1378 5 0 0 0 0 0 0 0 0
1379 5 0 0 0 0 0 0 0 0
1381 5 0 0 0 0 0 0 0 0
1382 5 0 0 0 0 0 0 0 0
1383 5 2 1 0 0 0 0 0 0
1384 5 0 0 0 0 0 0 0 0
1385 5 0 0 0 0 0 0 0 0
1386 5 0 0 0 0 0 0 0 0
1387 5 0 0 0 0 0 0 0 0
1388 1 0 0 1 0 0 0 0 0
1392 1 0 0 0 0 0 0 0 0
1393 1 0 0 0 0 0 0 0 0
1394 1 0 0 0 0 0 0 0 0
1400 1 0 0 0 0 0 0 0 0
1401 1 0 0 0 0 0 0 0 0
1402 2 0 0 0 0 0 0 0 0
1406 1 1 1 0 0 0 0 0 0
1407 1 0 0 0 0 0 0 0 0
1410 1 0 0 1 0 0 0 0 0
1411 1 0 0 1 1 1 0 0 0
1412 1 0 0 0 0 0 0 0 0
1414 1 0 0 0 0 0 0 0 0
1415 1 0 0 0 0 0 0 0 0
1416 1 0 0 0 0 0 0 0 0
1420 1 0 0 0 0 0 0 0 0
1421 1 0 0 0 0 0 0 0 0
1422 1 0 0 0 0 0 0 0 0
1423 1 0 0 0 0 0 0 0 0
1424 1 0 0 0 0 0 0 0 0
1425 1 1 1 0 0 0 0 0 0
1494 6 1 1 0 0 0 0 0 0
1495 6 0 0 6 0 0 0 0 0
1496 6 0 0 6 0 0 0 0 0
1497 6 0 0 0 0 0 0 0 0
1498 6 0 0 0 0 0 0 0 0
1500 6 0 0 0 0 0 0 0 0
1501 6 0 0 0 0 0 0 0 0
1502 6 1 1 0 0 0 0 0 0
1503 6 0 0 0 0 0 0 0 0
1504 6 0 0 0 0 0 0 0 0
1505 6 0 0 0 0 0 0 0 0
1506 6 0 0 0 0 0 0 0 0
1507 1 0 0 1 0 0 0 0 0
1511 1 0 0 0 0 0 0 0 0
1512 1 0 0 0 0 0 0 0 0
1513 1 0 0 0 0 0 0 0 0
1519 1 0 0 0 0 0 0 0 0
1520 1 0 0 0 0 0 0 0 0
1521 2 0 0 0 0 0 0 0 0
1525 1 1 1 0 0 0 0 0 0
1526 1 0 0 0 0 0 0 0 0
1529 1 0 0 1 0 0 0 0 0
1530 1 0 0 1 0 0 0 0 0
1531 1 0 0 0 0 0 0 0 0
1533 1 0 0 0 0 0 0 0 0
1534 1 0 0 0 0 0 0 0 0
1535 1 0 0 0 0 0 0 0 0
1539 1 0 0 0 0 0 0 0 0
1540 1 0 0 0 0 0 0 0 0
1541 1 0 0 0 0 0 0 0 0
1542 1 0 0 0 0 0 0 0 0
1543 1 0 0 0 0 0 0 0 0
1544 1 1 1 0 0 0 0 0 0
1613 4 2 1 0 0 0 0 0 0
1614 4 0 0 4 0 0 0 0 0
1615 4 0 0 4 1 1 0 0 0
1616 4 0 0 0 0 0 0 0 0
1617 4 0 0 0 0 0 0 0 0
1619 4 0 0 0 0 0 0 0 0
1620 4 0 0 0 0 0 0 0 0
1621 4 1 1 0 0 0 0 0 0
1622 4 0 0 0 0 0 0 0 0
1623 4 0 0 0 0 0 0 0 0
1624 4 0 0 0 0 0 0 0 0
1625 4 0 0 0 0 0 0 0 0
1732 12 2 1 0 0 0 0 0 0
1733 12 0 0 12 4 4 0 0 0
1734 12 0 0 12 3 3 0 0 0
1735 12 0 0 0 0 0 0 0 0
1736 12 0 0 0 0 0 0 0 0
1738 12 0 0 0 0 0 0 0 0
1739 12 0 0 0 0 0 0 0 0
1740 12 1 1 0 0 0 0 0 0
1741 12 0 0 0 0 0 0 0 0
1742 12 0 0 0 0 0 0 0 0
1743 12 0 0 0 0 0 0 0 0
1744 12 0 0 0 0 0 0 0 0
1745 10 0 0 10 0 0 0 0 0
1749 10 0 0 0 0 0 0 0 0
1750 10 0 0 0 0 0 0 0 0
1751 10 0 0 0 0 0 0 0 0
1757 10 0 0 0 0 0 0 0 0
1758 10 0 0 0 0 0 0 0 0
1759 20 0 0 0 0 0 0 0 0
1763 10 2 1 0 0 0 0 0 0
1764 10 0 0 0 0 0 0 0 0
1767 10 0 0 10 0 0 0 0 0
1768 10 0 0 10 1 1 0 0 0
1769 10 0 0 0 0 0 0 0 0
1771 10 0 0 0 0 0 0 0 0
1772 10 0 0 0 0 0 0 0 0
1773 10 0 0 0 0 0 0 0 0
1777 10 0 0 0 0 0 0 0 0
1778 10 0 0 0 0 0 0 0 0
1779 10 0 0 0 0 0 0 0 0
1780 10 0 0 0 0 0 0 0 0
1781 10 0 0 0 0 0 0 0 0
1782 10 1 1 0 0 0 0 0 0
1789 1 0 0 0 0 0 0 0 0
1790 1 0 0 0 0 0 0 0 0
1792 1 0 0 0 0 0 0 0 0
1793 1 0 0 0 0 0 0 0 0
1795 1 0 0 1 0 0 0 0 0
1796 1 0 0 1 0 0 0 0 0
1797 1 0 0 0 0 0 0 0 0
1799 1 0 0 0 0 0 0 0 0
1800 1 0 0 0 0 0 0 0 0
1801 1 0 0 0 0 0 0 0 0
1805 1 0 0 0 0 0 0 0 0
1806 1 0 0 0 0 0 0 0 0
1807 1 0 0 0 0 0 0 0 0
1808 1 0 0 0 0 0 0 0 0
1809 1 1 1 0 0 0 0 0 0
1810 1 0 0 0 0 0 0 0 0
1851 3 1 1 0 0 0 0 0 0
1852 3 0 0 3 1 1 0 0 0
1853 3 0 0 3 0 0 0 0 0
1854 3 0 0 0 0 0 0 0 0
1855 3 0 0 0 0 0 0 0 0
1857 3 0 0 0 0 0 0 0 0
1858 3 0 0 0 0 0 0 0 0
1859 3 1 1 0 0 0 0 0 0
1860 3 0 0 0 0 0 0 0 0
1861 3 0 0 0 0 0 0 0 0
1862 3 0 0 0 0 0 0 0 0
1863 3 0 0 0 0 0 0 0 0
1864 3 0 0 3 0 0 0 0 0
1868 3 0 0 0 0 0 0 0 0
1869 3 0 0 0 0 0 0 0 0
1870 3 0 0 0 0 0 0 0 0
1876 3 0 0 0 0 0 0 0 0
1877 3 0 0 0 0 0 0 0 0
1878 6 0 0 0 0 0 0 0 0
1882 3 1 1 0 0 0 0 0 0
1883 3 0 0 0 0 0 0 0 0
1886 3 0 0 3 0 0 0 0 0
1887 3 0 0 3 1 1 0 0 0
1888 3 0 0 0 0 0 0 0 0
1890 3 0 0 0 0 0 0 0 0
1891 3 0 0 0 0 0 0 0 0
1892 3 0 0 0 0 0 0 0 0
1896 3 0 0 0 0 0 0 0 0
1897 3 0 0 0 0 0 0 0 0
1898 3 0 0 0 0 0 0 0 0
1899 3 0 0 0 0 0 0 0 0
1900 3 0 0 0 0 0 0 0 0
1901 3 1 1 0 0 0 0 0 0
1908 1 0 0 0 0 0 0 0 0
1909 1 0 0 0 0 0 0 0 0
1911 1 0 0 0 0 0 0 0 0
1912 1 0 0 0 0 0 0 0 0
1914 1 0 0 1 0 0 0 0 0
1915 1 0 0 1 0 0 0 0 0
1916 1 0 0 0 0 0 0 0 0
1918 1 0 0 0 0 0 0 0 0
1919 1 0 0 0 0 0 0 0 0
1920 1 0 0 0 0 0 0 0 0
1924 1 0 0 0 0 0 0 0 0
1925 1 0 0 0 0 0 0 0 0
1926 1 0 0 0 0 0 0 0 0
1927 1 0 0 0 0 0 0 0 0
1928 1 1 1 0 0 0 0 0 0
1929 1 0 0 0 0 0 0 0 0
1970 21 1 1 0 0 0 0 0 0
1971 21 0 0 21 3 2 0 0 0
1972 21 0 0 21 0 0 0 0 0
1973 21 0 0 0 0 0 0 0 0
1974 21 0 0 0 0 0 0 0 0
1976 21 0 0 0 0 0 0 0 0
1977 21 0 0 0 0 0 0 0 0
1978 21 1 1 0 0 0 0 0 0
1979 21 0 0 0 0 0 0 0 0
1980 21 0 0 0 0 0 0 0 0
1981 21 0 0 0 0 0 0 0 0
1982 21 0 0 0 0 0 0 0 0
1984 18 0 0 18 0 0 0 0 0
1988 18 0 0 0 0 0 0 0 0
1989 18 0 0 0 0 0 0 0 0
1990 18 0 0 0 0 0 0 0 0
1996 18 0 0 0 0 0 0 0 0
1997 18 0 0 0 0 0 0 0 0
1999 36 0 0 0 0 0 0 0 0
2003 18 1 1 0 0 0 0 0 0
2004 18 0 0 0 0 0 0 0 0
2007 18 0 0 18 0 0 0 0 0
2008 18 0 0 18 1 1 0 0 0
2009 18 0 0 0 0 0 0 0 0
2011 18 0 0 0 0 0 0 0 0
2012 18 0 0 0 0 0 0 0 0
2013 18 0 0 0 0 0 0 0 0
2017 18 0 0 0 0 0 0 0 0
2018 18 0 0 0 0 0 0 0 0
2019 18 0 0 0 0 0 0 0 0
2020 18 0 0 0 0 0 0 0 0
2021 18 0 0 0 0 0 0 0 0
2022 18 1 1 0 0 0 0 0 0
2093 109 0 0 0 0 0 0 0 0
2095 139 1 1 0 0 0 0 0 0
2096 139 0 0 0 0 0 0 0 0
2097 139 0 0 0 0 0 0 0 0
2098 139 0 0 0 0 0 0 0 0
2099 94 0 0 0 0 0 0 0 0
2104 192 1 1 0 0 0 0 0 0
2110 192 0 0 192 0 0 0 0 0
2111 192 0 0 192 0 0 0 0 0
2119 192 0 0 0 0 0 0 0 0
2120 192 0 0 192 0 0 0 0 0
fn=strncmp
98 1 1 1 0 0 0 0 0 0
125 1 0 0 0 0 0 0 0 0
126 1 0 0 0 0 0 0 0 0
127 1 0 0 0 0 0 0 0 0
128 1 0 0 0 0 0 0 0 0
129 1 0 0 0 0 0 0 0 0
131 1 0 0 0 0 0 0 0 0
132 1 0 0 0 0 0 0 0 0
134 1 0 0 0 0 0 0 0 0
135 1 0 0 0 0 0 0 0 0
156 1 0 0 0 0 0 0 0 0
157 1 0 0 0 0 0 0 0 0
158 1 0 0 0 0 0 0 0 0
159 1 0 0 0 0 0 0 0 0
160 1 0 0 1 0 0 0 0 0
161 1 0 0 1 1 1 0 0 0
162 1 0 0 1 0 0 0 0 0
163 1 1 1 1 0 0 0 0 0
180 1 0 0 0 0 0 0 0 0
181 1 0 0 0 0 0 0 0 0
182 1 0 0 0 0 0 0 0 0
183 1 0 0 0 0 0 0 0 0
184 1 0 0 0 0 0 0 0 0
185 1 0 0 0 0 0 0 0 0
186 1 0 0 0 0 0 0 0 0
2104 1 1 1 0 0 0 0 0 0
2107 1 0 0 0 0 0 0 0 0
2108 1 0 0 0 0 0 0 0 0
2110 1 0 0 1 0 0 0 0 0
2111 1 1 1 1 0 0 0 0 0
2119 1 0 0 0 0 0 0 0 0
2120 1 0 0 1 0 0 0 0 0
fl=/usr/lib/debug/source/bootstrap/glibc.bst/string/../sysdeps/x86_64/multiarch/../multiarch/strlen-sse2.S
fn=strlen
57 15 1 1 0 0 0 0 0 0
101 15 0 0 0 0 0 0 0 0
102 15 0 0 0 0 0 0 0 0
103 15 0 0 0 0 0 0 0 0
104 15 0 0 0 0 0 0 0 0
105 15 0 0 0 0 0 0 0 0
106 15 0 0 0 0 0 0 0 0
107 15 1 1 0 0 0 0 0 0
109 15 0 0 0 0 0 0 0 0
111 15 0 0 0 0 0 0 0 0
142 15 0 0 15 2 2 0 0 0
143 15 0 0 0 0 0 0 0 0
144 15 0 0 0 0 0 0 0 0
145 15 0 0 0 0 0 0 0 0
146 15 0 0 0 0 0 0 0 0
147 9 0 0 0 0 0 0 0 0
149 9 0 0 9 0 0 0 0 0
153 6 0 0 0 0 0 0 0 0
154 6 0 0 6 0 0 0 0 0
155 6 0 0 6 0 0 0 0 0
156 6 0 0 6 1 1 0 0 0
157 6 0 0 0 0 0 0 0 0
158 6 0 0 0 0 0 0 0 0
159 6 0 0 0 0 0 0 0 0
160 6 1 1 0 0 0 0 0 0
161 6 0 0 0 0 0 0 0 0
162 6 0 0 0 0 0 0 0 0
163 6 0 0 0 0 0 0 0 0
164 6 0 0 0 0 0 0 0 0
169 48 0 0 6 0 0 0 0 0
fl=/usr/lib/debug/source/bootstrap/glibc.bst/string/../sysdeps/x86_64/multiarch/memmove-vec-unaligned-erms.S
fn=memcpy
210 18 3 1 0 0 0 0 0 0
211 18 0 0 0 0 0 0 0 0
217 31 0 0 0 0 0 0 0 0
218 31 0 0 0 0 0 0 0 0
220 15 0 0 15 1 0 0 0 0
221 15 0 0 0 0 0 0 0 0
222 15 0 0 0 0 0 0 0 0
224 8 0 0 8 0 0 0 0 0
225 8 0 0 0 0 0 8 1 1
226 8 1 0 0 0 0 8 0 0
228 8 0 0 8 0 0 0 0 0
308 16 1 1 0 0 0 0 0 0
309 16 0 0 0 0 0 0 0 0
311 2 0 0 0 0 0 0 0 0
315 2 0 0 0 0 0 0 0 0
316 2 0 0 0 0 0 0 0 0
317 2 0 0 0 0 0 0 0 0
318 1 0 0 1 1 1 0 0 0
319 1 0 0 0 0 0 0 0 0
323 1 0 0 0 0 0 1 1 1
325 2 0 0 2 0 0 0 0 0
364 14 1 1 14 2 1 0 0 0
365 14 0 0 14 0 0 0 0 0
366 14 0 0 0 0 0 14 2 2
367 14 0 0 0 0 0 14 0 0
368 14 0 0 14 0 0 0 0 0
375 7 0 0 7 0 0 0 0 0
376 7 0 0 7 0 0 0 0 0
377 7 0 0 0 0 0 7 2 2
378 7 0 0 0 0 0 7 1 1
379 7 0 0 0 0 0 7 3 3
380 7 0 0 0 0 0 7 0 0
381 7 0 0 7 0 0 0 0 0
392 7 0 0 0 0 0 0 0 0
393 7 0 0 0 0 0 0 0 0
395 7 0 0 7 0 0 0 0 0
396 7 1 1 0 0 0 0 0 0
397 7 0 0 0 0 0 0 0 0
fn=mempcpy
197 13 0 0 0 0 0 0 0 0
198 13 0 0 0 0 0 0 0 0
199 13 0 0 0 0 0 0 0 0
200 13 0 0 0 0 0 0 0 0
fl=/usr/lib/debug/source/bootstrap/glibc.bst/string/strdup.c
fn=strdup
40 18 1 1 0 0 0 9 0 0
41 6 0 0 0 0 0 3 0 0
44 6 0 0 0 0 0 0 0 0
47 12 0 0 0 0 0 0 0 0
48 9 0 0 9 0 0 0 0 0
fl=???
fn=(below main)
0 73 5 5 19 3 0 16 0 0
fn=???
0 3712604 355 348 842858 128 25 581808 249 233
fn=_Exit
0 6 1 1 1 0 0 0 0 0
fn=_IO_default_xsputn
0 185 4 4 50 0 0 15 0 0
fn=_IO_do_write
0 821 2 2 154 0 0 153 0 0
fn=_IO_doallocbuf
0 29 3 3 9 0 0 5 0 0
fn=_IO_file_doallocate
0 63 6 6 15 1 0 8 0 0
fn=_IO_file_overflow
0 2715 7 7 704 0 0 419 0 0
fn=_IO_file_setbuf
0 18 2 2 4 0 0 6 0 0
fn=_IO_file_stat
0 3 1 1 1 0 0 0 0 0
fn=_IO_file_sync
0 21 3 3 8 0 0 4 0 0
fn=_IO_file_write
0 1938 2 2 459 0 0 306 0 0
fn=_IO_file_xsputn
0 239263 6 6 49414 1 0 23408 0 0
fn=_IO_flush_all
0 162 13 13 58 9 3 33 0 0
fn=_IO_setb
0 29 1 1 8 0 0 8 0 0
fn=__call_tls_dtors
0 13 2 2 6 0 0 3 0 0
fn=__close_nocancel
0 6 1 1 1 0 0 0 0 0
fn=__ctype_init
0 17 2 2 10 4 0 3 0 0
fn=__cxa_atexit
0 6 1 1 0 0 0 0 0 0
fn=__cxa_finalize
0 116 5 5 32 2 0 14 0 0
fn=__default_morecore
0 20 1 1 6 0 0 4 1 0
fn=__isoc23_strtol
0 12 2 2 4 2 0 0 0 0
fn=__libc_alloca_cutoff
0 28611 2 2 5202 1 0 0 0 0
fn=__libc_early_init
0 52 5 5 11 1 0 12 4 4
fn=__libc_sigaction
0 128 8 7 41 2 0 37 3 3
fn=__open_nocancel
0 29 3 3 6 0 0 6 0 0
fn=__overflow
0 918 2 2 255 0 0 102 0 0
fn=__profile_frequency
0 8 1 1 6 0 0 0 0 0
fn=__sigsetjmp
0 21 2 2 5 1 0 8 0 0
fn=__write_nocancel
0 6 2 2 1 0 0 0 0 0
fn=_mcleanup
0 37 2 2 5 0 0 18 0 0
fn=_setjmp
0 3 1 1 0 0 0 0 0 0
fn=atoi
0 16 2 2 4 0 0 4 0 0
fn=bcmp
0 27 3 3 5 0 0 0 0 0
fn=brk
0 18 1 1 4 0 0 2 0 0
fn=calloc
0 243 11 11 65 1 1 30 0 0
fn=dl_iterate_phdr
0 74 8 8 26 5 0 20 0 0
fn=exit
0 7 1 1 0 0 0 2 0 0
fn=free
0 136 4 4 40 4 0 30 0 0
fn=fstat
0 6 2 2 1 0 0 0 0 0
fn=getenv
0 1106 4 4 334 90 2 32 0 0
fn=getopt
0 33 1 1 6 0 0 9 0 0
fn=getrlimit
0 10 1 1 1 0 0 0 0 0
fn=index
0 22 2 2 4 0 0 0 0 0
fn=malloc
0 47 7 7 12 0 0 5 0 0
fn=mcount
0 63 2 2 30 0 0 24 0 0
fn=memchr
0 25 2 2 4 0 0 0 0 0
fn=memcpy
0 24 4 4 4 0 0 0 0 0
fn=memmove
0 24 5 5 4 0 0 0 0 0
fn=mempcpy
0 24 3 3 4 0 0 0 0 0
fn=memrchr
0 28 2 2 5 0 0 0 0 0
fn=memset
0 26 3 3 4 0 0 0 0 0
fn=mmap
0 78 3 3 12 0 0 9 0 0
fn=moncontrol
0 17 2 2 8 0 0 3 0 0
fn=monstartup
0 94 9 9 12 2 2 23 2 2
fn=munmap
0 18 1 1 3 0 0 0 0 0
fn=printf
0 104040 4 4 18207 1 0 52020 0 0
fn=profil
0 100 8 8 22 1 1 29 0 0
fn=pthread_mutex_lock
0 84 7 7 26 3 1 10 0 0
fn=pthread_mutex_unlock
0 6 1 1 0 0 0 0 0 0
fn=putchar
0 2499 6 6 1020 2 0 510 0 0
fn=rindex
0 28 2 2 5 0 0 0 0 0
fn=sbrk
0 59 4 4 17 1 1 10 0 0
fn=setitimer
0 12 1 1 2 0 0 0 0 0
fn=sigaction
0 16 3 2 0 0 0 0 0 0
fn=stpcpy
0 20 1 1 4 0 0 0 0 0
fn=stpncpy
0 22 3 3 4 0 0 0 0 0
fn=strcasecmp
0 24 2 2 4 0 0 0 0 0
fn=strcasecmp_l
0 24 2 2 4 0 0 0 0 0
fn=strcat
0 20 2 2 4 0 0 0 0 0
fn=strchrnul
0 28 2 2 5 0 0 0 0 0
fn=strcmp
0 22 3 3 4 0 0 0 0 0
fn=strcpy
0 20 2 2 4 0 0 0 0 0
fn=strcspn
0 7 1 1 3 0 0 0 0 0
fn=strlen
0 28 3 3 5 0 0 0 0 0
fn=strncasecmp
0 24 2 2 4 0 0 0 0 0
fn=strncasecmp_l
0 24 3 3 4 0 0 0 0 0
fn=strncmp
0 24 3 3 4 0 0 0 0 0
fn=strncpy
0 22 2 2 4 0 0 0 0 0
fn=strnlen
0 56 3 3 10 2 0 0 0 0
fn=strpbrk
0 7 1 1 3 0 0 0 0 0
fn=strspn
0 7 1 1 3 0 0 0 0 0
fn=wcpncpy
0 21 2 2 4 0 0 0 0 0
fn=wcscat
0 21 2 2 4 0 0 0 0 0
fn=wcschr
0 56 3 3 10 0 0 0 0 0
fn=wcscmp
0 28 2 2 5 0 0 0 0 0
fn=wcscpy
0 19 2 2 4 0 0 0 0 0
fn=wcslen
0 22 3 3 4 0 0 0 0 0
fn=wcsncpy
0 21 2 2 4 0 0 0 0 0
fn=wcsnlen
0 22 2 2 4 0 0 0 0 0
fn=wmemchr
0 50 3 3 8 0 0 0 0 0
fn=wmemcmp
0 27 2 2 5 0 0 0 0 0
fn=wmemset
0 20 2 2 8 0 0 0 0 0
fn=write
0 411 1 1 102 0 0 0 0 0
summary: 4315235 1620 1577 978604 1931 1471 674400 590 546
