-2.00000 -1.77640 -1.55332 -1.33125 -1.11057 -0.89159 -0.67444 -0.45922 -0.24590 -0.03451 0.17507 0.38296 0.58947 0.79499 1.00000 
-2.00000 -1.77646 -1.55345 -1.33144 -1.11087 -0.89197 -0.67493 -0.45973 -0.24639 -0.03489 0.17477 0.38277 0.58935 0.79494 1.00000 
-2.00000 -1.77662 -1.55380 -1.33205 -1.11176 -0.89322 -0.67647 -0.46143 -0.24793 -0.03614 0.17388 0.38216 0.58900 0.79477 1.00000 
-2.00000 -1.77688 -1.55438 -1.33304 -1.11334 -0.89550 -0.67950 -0.46483 -0.25097 -0.03842 0.17230 0.38117 0.58842 0.79451 1.00000 
-2.00000 -1.77722 -1.55512 -1.33441 -1.11563 -0.89921 -0.68495 -0.47155 -0.25641 -0.04213 0.17000 0.37980 0.58767 0.79418 1.00000 
-2.00000 -1.77756 -1.55594 -1.33599 -1.11865 -0.90482 -0.69499 -0.48651 -0.26646 -0.04774 0.16699 0.37822 0.58685 0.79384 1.00000 
-2.00000 -1.77784 -1.55662 -1.33747 -1.12188 -0.91249 -0.71403 -0.52947 -0.28549 -0.05541 0.16376 0.37674 0.58618 0.79356 1.00000 
-2.00000 -1.77794 -1.55691 -1.33815 -1.12384 -0.91937 -0.74484 -0.69606 -0.31630 -0.06229 0.16180 0.37605 0.58589 0.79345 1.00000 
-2.00000 -1.77784 -1.55662 -1.33747 -1.12188 -0.91249 -0.71403 -0.52947 -0.28549 -0.05541 0.16376 0.37674 0.58618 0.79356 1.00000 
-2.00000 -1.77756 -1.55594 -1.33599 -1.11865 -0.90482 -0.69499 -0.48651 -0.26646 -0.04774 0.16699 0.37822 0.58685 0.79384 1.00000 
-2.00000 -1.77722 -1.55512 -1.33441 -1.11563 -0.89921 -0.68495 -0.47155 -0.25641 -0.04213 0.17000 0.37980 0.58767 0.79418 1.00000 
-2.00000 -1.77688 -1.55438 -1.33304 -1.11334 -0.89550 -0.67950 -0.46483 -0.25097 -0.03842 0.17230 0.38117 0.58842 0.79451 1.00000 
-2.00000 -1.77662 -1.55380 -1.33205 -1.11176 -0.89322 -0.67647 -0.46143 -0.24793 -0.03614 0.17388 0.38216 0.58900 0.79477 1.00000 
-2.00000 -1.77646 -1.55345 -1.33144 -1.11087 -0.89197 -0.67493 -0.45973 -0.24639 -0.03489 0.17477 0.38277 0.58935 0.79494 1.00000 
-2.00000 -1.77640 -1.55332 -1.33125 -1.11057 -0.89159 -0.67444 -0.45922 -0.24590 -0.03451 0.17507 0.38296 0.58947 0.79499 1.00000 
