-2.00000 -1.84082 -1.68322 -1.52874 -1.37880 -1.23474 -1.09768 -0.96858 -0.84818 -0.73701 -0.63538 -0.54339 -0.46094 -0.38776 -0.32344 -0.26745 -0.21916 -0.17787 -0.14287 -0.11339 -0.08871 -0.06808 -0.05080 -0.03621 -0.02367 -0.01257 -0.00236 0.00752 0.01757 0.02829 0.04017 0.05367 0.06927 0.08739 0.10849 0.13296 0.16118 0.19350 0.23021 0.27151 0.31757 0.36842 0.42403 0.48425 0.54881 0.61735 0.68939 0.76436 0.84161 0.92041 1.00000 
-2.00000 -1.84082 -1.68322 -1.52874 -1.37880 -1.23474 -1.09768 -0.96858 -0.84818 -0.73701 -0.63538 -0.54339 -0.46094 -0.38776 -0.32344 -0.26745 -0.21916 -0.17787 -0.14287 -0.11340 -0.08871 -0.06808 -0.05081 -0.03621 -0.02367 -0.01258 -0.00236 0.00751 0.01756 0.02829 0.04017 0.05367 0.06926 0.08739 0.10848 0.13295 0.16118 0.19350 0.23021 0.27151 0.31757 0.36842 0.42403 0.48425 0.54881 0.61735 0.68939 0.76436 0.84161 0.92041 1.00000 
-2.00000 -1.84082 -1.68322 -1.52874 -1.37880 -1.23474 -1.09768 -0.96858 -0.84818 -0.73701 -0.63539 -0.54339 -0.46094 -0.38776 -0.32345 -0.26746 -0.21916 -0.17788 -0.14288 -0.11341 -0.08872 -0.06809 -0.05082 -0.03623 -0.02368 -0.01259 -0.00237 0.00750 0.01755 0.02828 0.04016 0.05366 0.06926 0.08738 0.10848 0.13295 0.16118 0.19350 0.23020 0.27151 0.31756 0.36842 0.42403 0.48424 0.54881 0.61735 0.68939 0.76436 0.84161 0.92041 1.00000 
-2.00000 -1.84082 -1.68322 -1.52874 -1.37881 -1.23474 -1.09768 -0.96858 -0.84818 -0.73702 -0.63539 -0.54340 -0.46095 -0.38777 -0.32346 -0.26747 -0.21918 -0.17789 -0.14289 -0.11342 -0.08874 -0.06811 -0.05084 -0.03625 -0.02370 -0.01261 -0.00239 0.00748 0.01753 0.02826 0.04014 0.05365 0.06924 0.08737 0.10847 0.13294 0.16117 0.19349 0.23020 0.27150 0.31756 0.36841 0.42402 0.48424 0.54881 0.61735 0.68939 0.76436 0.84161 0.92041 1.00000 
-2.00000 -1.84082 -1.68322 -1.52874 -1.37881 -1.23474 -1.09768 -0.96858 -0.84819 -0.73702 -0.63540 -0.54341 -0.46096 -0.38778 -0.32347 -0.26748 -0.21919 -0.17791 -0.14291 -0.11344 -0.08876 -0.06814 -0.05086 -0.03628 -0.02373 -0.01264 -0.00242 0.00745 0.01751 0.02823 0.04011 0.05362 0.06922 0.08735 0.10845 0.13292 0.16116 0.19348 0.23019 0.27150 0.31755 0.36841 0.42402 0.48424 0.54880 0.61734 0.68939 0.76436 0.84160 0.92041 1.00000 
-2.00000 -1.84082 -1.68322 -1.52874 -1.37881 -1.23474 -1.09768 -0.96859 -0.84819 -0.73703 -0.63540 -0.54341 -0.46097 -0.38780 -0.32349 -0.26750 -0.21922 -0.17794 -0.14294 -0.11348 -0.08880 -0.06817 -0.05091 -0.03632 -0.02378 -0.01268 -0.00247 0.00741 0.01746 0.02819 0.04008 0.05359 0.06919 0.08733 0.10843 0.13290 0.16114 0.19347 0.23018 0.27149 0.31754 0.36840 0.42402 0.48424 0.54880 0.61734 0.68938 0.76436 0.84160 0.92041 1.00000 
-2.00000 -1.84082 -1.68323 -1.52874 -1.37881 -1.23475 -1.09769 -0.96859 -0.84820 -0.73704 -0.63541 -0.54343 -0.46098 -0.38782 -0.32351 -0.26753 -0.21925 -0.17797 -0.14298 -0.11352 -0.08884 -0.06823 -0.05096 -0.03637 -0.02383 -0.01274 -0.00252 0.00735 0.01741 0.02814 0.04003 0.05355 0.06915 0.08729 0.10840 0.13288 0.16112 0.19345 0.23016 0.27147 0.31753 0.36839 0.42401 0.48423 0.54880 0.61734 0.68938 0.76435 0.84160 0.92041 1.00000 
-2.00000 -1.84082 -1.68323 -1.52874 -1.37881 -1.23475 -1.09769 -0.96860 -0.84821 -0.73705 -0.63543 -0.54344 -0.46100 -0.38784 -0.32354 -0.26756 -0.21929 -0.17802 -0.14303 -0.11357 -0.08891 -0.06829 -0.05103 -0.03645 -0.02391 -0.01281 -0.00260 0.00728 0.01734 0.02808 0.03997 0.05349 0.06910 0.08725 0.10836 0.13284 0.16109 0.19342 0.23014 0.27146 0.31752 0.36838 0.42400 0.48422 0.54879 0.61733 0.68938 0.76435 0.84160 0.92041 1.00000 
-2.00000 -1.84082 -1.68323 -1.52875 -1.37882 -1.23475 -1.09770 -0.96861 -0.84822 -0.73706 -0.63544 -0.54347 -0.46103 -0.38787 -0.32357 -0.26760 -0.21933 -0.17808 -0.14310 -0.11365 -0.08898 -0.06838 -0.05112 -0.03654 -0.02401 -0.01292 -0.00270 0.00718 0.01725 0.02799 0.03989 0.05342 0.06904 0.08719 0.10831 0.13280 0.16105 0.19339 0.23011 0.27144 0.31750 0.36837 0.42399 0.48421 0.54878 0.61733 0.68938 0.76435 0.84160 0.92041 1.00000 
-2.00000 -1.84083 -1.68323 -1.52875 -1.37882 -1.23476 -1.09771 -0.96862 -0.84823 -0.73708 -0.63547 -0.54349 -0.46106 -0.38791 -0.32362 -0.26766 -0.21940 -0.17815 -0.14318 -0.11374 -0.08909 -0.06849 -0.05124 -0.03666 -0.02414 -0.01304 -0.00283 0.00706 0.01713 0.02788 0.03979 0.05333 0.06895 0.08712 0.10824 0.13275 0.16100 0.19336 0.23008 0.27141 0.31748 0.36835 0.42398 0.48421 0.54878 0.61732 0.68937 0.76435 0.84160 0.92040 1.00000 
-2.00000 -1.84083 -1.68323 -1.52875 -1.37883 -1.23477 -1.09772 -0.96863 -0.84825 -0.73710 -0.63549 -0.54352 -0.46110 -0.38795 -0.32367 -0.26772 -0.21947 -0.17824 -0.14328 -0.11386 -0.08921 -0.06863 -0.05139 -0.03682 -0.02429 -0.01321 -0.00298 0.00690 0.01698 0.02774 0.03966 0.05321 0.06885 0.08703 0.10817 0.13268 0.16095 0.19331 0.23005 0.27138 0.31746 0.36833 0.42396 0.48419 0.54877 0.61732 0.68937 0.76434 0.84160 0.92040 1.00000 
-2.00000 -1.84083 -1.68323 -1.52876 -1.37883 -1.23477 -1.09773 -0.96864 -0.84827 -0.73712 -0.63552 -0.54356 -0.46114 -0.38801 -0.32374 -0.26780 -0.21957 -0.17834 -0.14341 -0.11400 -0.08938 -0.06880 -0.05158 -0.03702 -0.02451 -0.01342 -0.00320 0.00671 0.01679 0.02757 0.03950 0.05307 0.06872 0.08692 0.10807 0.13260 0.16088 0.19326 0.23000 0.27135 0.31743 0.36831 0.42394 0.48418 0.54876 0.61731 0.68936 0.76434 0.84159 0.92040 1.00000 
-2.00000 -1.84083 -1.68324 -1.52876 -1.37884 -1.23478 -1.09774 -0.96866 -0.84828 -0.73715 -0.63555 -0.54360 -0.46119 -0.38807 -0.32382 -0.26790 -0.21968 -0.17848 -0.14356 -0.11418 -0.08957 -0.06903 -0.05182 -0.03728 -0.02477 -0.01369 -0.00346 0.00645 0.01655 0.02734 0.03930 0.05289 0.06857 0.08678 0.10796 0.13251 0.16081 0.19319 0.22995 0.27130 0.31740 0.36828 0.42392 0.48416 0.54875 0.61730 0.68935 0.76433 0.84159 0.92040 1.00000 
-2.00000 -1.84083 -1.68324 -1.52877 -1.37885 -1.23479 -1.09775 -0.96868 -0.84831 -0.73718 -0.63559 -0.54364 -0.46125 -0.38814 -0.32391 -0.26801 -0.21982 -0.17864 -0.14375 -0.11439 -0.08983 -0.06930 -0.05213 -0.03760 -0.02511 -0.01403 -0.00380 0.00612 0.01624 0.02706 0.03905 0.05267 0.06838 0.08662 0.10782 0.13240 0.16071 0.19312 0.22989 0.27126 0.31736 0.36826 0.42390 0.48415 0.54873 0.61729 0.68935 0.76433 0.84159 0.92040 1.00000 
-2.00000 -1.84083 -1.68324 -1.52877 -1.37885 -1.23480 -1.09777 -0.96870 -0.84833 -0.73721 -0.63563 -0.54370 -0.46132 -0.38823 -0.32401 -0.26814 -0.21997 -0.17884 -0.14398 -0.11467 -0.09013 -0.06966 -0.05251 -0.03802 -0.02554 -0.01447 -0.00423 0.00570 0.01586 0.02671 0.03874 0.05240 0.06815 0.08643 0.10767 0.13226 0.16061 0.19303 0.22982 0.27120 0.31732 0.36822 0.42388 0.48413 0.54872 0.61728 0.68934 0.76432 0.84158 0.92040 1.00000 
-2.00000 -1.84083 -1.68325 -1.52878 -1.37886 -1.23482 -1.09778 -0.96872 -0.84836 -0.73724 -0.63568 -0.54376 -0.46140 -0.38833 -0.32414 -0.26829 -0.22016 -0.17906 -0.14426 -0.11499 -0.09052 -0.07009 -0.05300 -0.03855 -0.02610 -0.01503 -0.00479 0.00518 0.01537 0.02628 0.03836 0.05208 0.06787 0.08620 0.10748 0.13212 0.16049 0.19294 0.22974 0.27114 0.31727 0.36819 0.42385 0.48411 0.54870 0.61727 0.68933 0.76432 0.84158 0.92040 1.00000 
-2.00000 -1.84084 -1.68325 -1.52878 -1.37887 -1.23483 -1.09780 -0.96874 -0.84839 -0.73728 -0.63573 -0.54382 -0.46148 -0.38844 -0.32427 -0.26846 -0.22037 -0.17933 -0.14458 -0.11539 -0.09098 -0.07064 -0.05361 -0.03923 -0.02682 -0.01578 -0.00551 0.00449 0.01476 0.02573 0.03789 0.05168 0.06756 0.08594 0.10727 0.13194 0.16035 0.19283 0.22966 0.27108 0.31722 0.36815 0.42382 0.48408 0.54869 0.61726 0.68932 0.76431 0.84158 0.92039 1.00000 
-2.00000 -1.84084 -1.68326 -1.52879 -1.37888 -1.23484 -1.09782 -0.96876 -0.84842 -0.73732 -0.63578 -0.54389 -0.46157 -0.38855 -0.32442 -0.26865 -0.22062 -0.17963 -0.14496 -0.11585 -0.09156 -0.07131 -0.05440 -0.04011 -0.02777 -0.01674 -0.00646 0.00362 0.01397 0.02506 0.03732 0.05122 0.06717 0.08564 0.10702 0.13176 0.16020 0.19272 0.22957 0.27101 0.31717 0.36811 0.42379 0.48406 0.54867 0.61724 0.68931 0.76431 0.84157 0.92039 1.00000 
-2.00000 -1.84084 -1.68326 -1.52879 -1.37889 -1.23485 -1.09783 -0.96878 -0.84845 -0.73736 -0.63583 -0.54396 -0.46166 -0.38867 -0.32457 -0.26886 -0.22088 -0.17997 -0.14539 -0.11641 -0.09224 -0.07216 -0.05540 -0.04127 -0.02903 -0.01806 -0.00772 0.00246 0.01297 0.02421 0.03664 0.05066 0.06674 0.08529 0.10676 0.13155 0.16005 0.19259 0.22948 0.27094 0.31712 0.36807 0.42376 0.48404 0.54865 0.61723 0.68930 0.76430 0.84157 0.92039 1.00000 
-2.00000 -1.84084 -1.68326 -1.52880 -1.37890 -1.23486 -1.09785 -0.96880 -0.84848 -0.73740 -0.63589 -0.54403 -0.46176 -0.38879 -0.32474 -0.26907 -0.22117 -0.18034 -0.14588 -0.11703 -0.09306 -0.07319 -0.05670 -0.04280 -0.03078 -0.01986 -0.00947 0.00092 0.01167 0.02317 0.03581 0.05003 0.06625 0.08493 0.10648 0.13134 0.15988 0.19247 0.22939 0.27087 0.31706 0.36803 0.42373 0.48402 0.54863 0.61722 0.68930 0.76430 0.84157 0.92039 1.00000 
-2.00000 -1.84084 -1.68327 -1.52881 -1.37890 -1.23488 -1.09786 -0.96883 -0.84851 -0.73744 -0.63594 -0.54410 -0.46184 -0.38892 -0.32490 -0.26929 -0.22145 -0.18074 -0.14641 -0.11776 -0.09402 -0.07448 -0.05837 -0.04491 -0.03324 -0.02250 -0.01193 -0.00118 0.01000 0.02188 0.03486 0.04931 0.06573 0.08453 0.10619 0.13112 0.15972 0.19235 0.22930 0.27080 0.31701 0.36799 0.42370 0.48399 0.54862 0.61721 0.68929 0.76429 0.84156 0.92039 1.00000 
-2.00000 -1.84084 -1.68327 -1.52881 -1.37891 -1.23488 -1.09788 -0.96884 -0.84854 -0.73747 -0.63598 -0.54416 -0.46193 -0.38902 -0.32506 -0.26949 -0.22174 -0.18112 -0.14696 -0.11852 -0.09512 -0.07602 -0.06054 -0.04783 -0.03694 -0.02659 -0.01563 -0.00410 0.00783 0.02035 0.03376 0.04855 0.06517 0.08414 0.10590 0.13092 0.15957 0.19224 0.22921 0.27074 0.31696 0.36796 0.42367 0.48398 0.54861 0.61720 0.68928 0.76429 0.84156 0.92039 1.00000 
-2.00000 -1.84084 -1.68327 -1.52881 -1.37892 -1.23489 -1.09789 -0.96886 -0.84855 -0.73751 -0.63602 -0.54422 -0.46200 -0.38913 -0.32518 -0.26968 -0.22199 -0.18150 -0.14748 -0.11931 -0.09628 -0.07781 -0.06327 -0.05200 -0.04286 -0.03379 -0.02155 -0.00827 0.00510 0.01855 0.03260 0.04776 0.06465 0.08377 0.10565 0.13072 0.15944 0.19214 0.22915 0.27068 0.31693 0.36793 0.42366 0.48396 0.54860 0.61719 0.68928 0.76428 0.84156 0.92038 1.00000 
-2.00000 -1.84085 -1.68327 -1.52882 -1.37892 -1.23490 -1.09790 -0.96887 -0.84857 -0.73752 -0.63605 -0.54425 -0.46206 -0.38920 -0.32529 -0.26982 -0.22221 -0.18179 -0.14795 -0.12000 -0.09742 -0.07970 -0.06659 -0.05792 -0.05323 -0.04907 -0.03192 -0.01419 0.00178 0.01667 0.03146 0.04707 0.06419 0.08347 0.10543 0.13058 0.15933 0.19207 0.22909 0.27065 0.31690 0.36791 0.42364 0.48395 0.54859 0.61718 0.68927 0.76428 0.84156 0.92038 1.00000 
-2.00000 -1.84085 -1.68327 -1.52882 -1.37892 -1.23490 -1.09790 -0.96888 -0.84858 -0.73754 -0.63607 -0.54428 -0.46209 -0.38925 -0.32535 -0.26992 -0.22234 -0.18201 -0.14825 -0.12052 -0.09829 -0.08136 -0.07000 -0.06577 -0.07245 -0.09222 -0.05114 -0.02204 -0.00163 0.01501 0.03059 0.04655 0.06388 0.08326 0.10530 0.13048 0.15927 0.19201 0.22906 0.27062 0.31688 0.36789 0.42363 0.48394 0.54858 0.61718 0.68927 0.76428 0.84155 0.92038 1.00000 
-2.00000 -1.84085 -1.68327 -1.52882 -1.37893 -1.23490 -1.09791 -0.96888 -0.84859 -0.73754 -0.63608 -0.54429 -0.46210 -0.38926 -0.32538 -0.26995 -0.22239 -0.18207 -0.14838 -0.12070 -0.09865 -0.08211 -0.07202 -0.07271 -0.10332 -0.25887 -0.08201 -0.02898 -0.00365 0.01426 0.03023 0.04637 0.06376 0.08319 0.10525 0.13046 0.15924 0.19200 0.22904 0.27061 0.31687 0.36789 0.42362 0.48394 0.54858 0.61718 0.68927 0.76428 0.84155 0.92038 1.00000 
-2.00000 -1.84085 -1.68327 -1.52882 -1.37892 -1.23490 -1.09790 -0.96888 -0.84858 -0.73754 -0.63607 -0.54428 -0.46209 -0.38925 -0.32535 -0.26992 -0.22234 -0.18201 -0.14825 -0.12052 -0.09829 -0.08136 -0.07000 -0.06577 -0.07245 -0.09222 -0.05114 -0.02204 -0.00163 0.01501 0.03059 0.04655 0.06388 0.08326 0.10530 0.13048 0.15927 0.19201 0.22906 0.27062 0.31688 0.36789 0.42363 0.48394 0.54858 0.61718 0.68927 0.76428 0.84155 0.92038 1.00000 
-2.00000 -1.84085 -1.68327 -1.52882 -1.37892 -1.23490 -1.09790 -0.96887 -0.84857 -0.73752 -0.63605 -0.54425 -0.46206 -0.38920 -0.32529 -0.26982 -0.22221 -0.18179 -0.14795 -0.12000 -0.09742 -0.07970 -0.06659 -0.05792 -0.05323 -0.04907 -0.03192 -0.01419 0.00178 0.01667 0.03146 0.04707 0.06419 0.08347 0.10543 0.13058 0.15933 0.19207 0.22909 0.27065 0.31690 0.36791 0.42364 0.48395 0.54859 0.61718 0.68927 0.76428 0.84156 0.92038 1.00000 
-2.00000 -1.84084 -1.68327 -1.52881 -1.37892 -1.23489 -1.09789 -0.96886 -0.84855 -0.73751 -0.63602 -0.54422 -0.46200 -0.38913 -0.32518 -0.26968 -0.22199 -0.18150 -0.14748 -0.11931 -0.09628 -0.07781 -0.06327 -0.05200 -0.04286 -0.03379 -0.02155 -0.00827 0.00510 0.01855 0.03260 0.04776 0.06465 0.08377 0.10565 0.13072 0.15944 0.19214 0.22915 0.27068 0.31693 0.36793 0.42366 0.48396 0.54860 0.61719 0.68928 0.76428 0.84156 0.92038 1.00000 
-2.00000 -1.84084 -1.68327 -1.52881 -1.37891 -1.23488 -1.09788 -0.96884 -0.84854 -0.73747 -0.63598 -0.54416 -0.46193 -0.38902 -0.32506 -0.26949 -0.22174 -0.18112 -0.14696 -0.11852 -0.09512 -0.07602 -0.06054 -0.04783 -0.03694 -0.02659 -0.01563 -0.00410 0.00783 0.02035 0.03376 0.04855 0.06517 0.08414 0.10590 0.13092 0.15957 0.19224 0.22921 0.27074 0.31696 0.36796 0.42367 0.48398 0.54861 0.61720 0.68928 0.76429 0.84156 0.92039 1.00000 
-2.00000 -1.84084 -1.68327 -1.52881 -1.37890 -1.23488 -1.09786 -0.96883 -0.84851 -0.73744 -0.63594 -0.54410 -0.46184 -0.38892 -0.32490 -0.26929 -0.22145 -0.18074 -0.14641 -0.11776 -0.09402 -0.07448 -0.05837 -0.04491 -0.03324 -0.02250 -0.01193 -0.00118 0.01000 0.02188 0.03486 0.04931 0.06573 0.08453 0.10619 0.13112 0.15972 0.19235 0.22930 0.27080 0.31701 0.36799 0.42370 0.48399 0.54862 0.61721 0.68929 0.76429 0.84156 0.92039 1.00000 
-2.00000 -1.84084 -1.68326 -1.52880 -1.37890 -1.23486 -1.09785 -0.96880 -0.84848 -0.73740 -0.63589 -0.54403 -0.46176 -0.38879 -0.32474 -0.26907 -0.22117 -0.18034 -0.14588 -0.11703 -0.09306 -0.07319 -0.05670 -0.04280 -0.03078 -0.01986 -0.00947 0.00092 0.01167 0.02317 0.03581 0.05003 0.06625 0.08493 0.10648 0.13134 0.15988 0.19247 0.22939 0.27087 0.31706 0.36803 0.42373 0.48402 0.54863 0.61722 0.68930 0.76430 0.84157 0.92039 1.00000 
-2.00000 -1.84084 -1.68326 -1.52879 -1.37889 -1.23485 -1.09783 -0.96878 -0.84845 -0.73736 -0.63583 -0.54396 -0.46166 -0.38867 -0.32457 -0.26886 -0.22088 -0.17997 -0.14539 -0.11641 -0.09224 -0.07216 -0.05540 -0.04127 -0.02903 -0.01806 -0.00772 0.00246 0.01297 0.02421 0.03664 0.05066 0.06674 0.08529 0.10676 0.13155 0.16005 0.19259 0.22948 0.27094 0.31712 0.36807 0.42376 0.48404 0.54865 0.61723 0.68930 0.76430 0.84157 0.92039 1.00000 
-2.00000 -1.84084 -1.68326 -1.52879 -1.37888 -1.23484 -1.09782 -0.96876 -0.84842 -0.73732 -0.63578 -0.54389 -0.46157 -0.38855 -0.32442 -0.26865 -0.22062 -0.17963 -0.14496 -0.11585 -0.09156 -0.07131 -0.05440 -0.04011 -0.02777 -0.01674 -0.00646 0.00362 0.01397 0.02506 0.03732 0.05122 0.06717 0.08564 0.10702 0.13176 0.16020 0.19272 0.22957 0.27101 0.31717 0.36811 0.42379 0.48406 0.54867 0.61724 0.68931 0.76431 0.84157 0.92039 1.00000 
-2.00000 -1.84084 -1.68325 -1.52878 -1.37887 -1.23483 -1.09780 -0.96874 -0.84839 -0.73728 -0.63573 -0.54382 -0.46148 -0.38844 -0.32427 -0.26846 -0.22037 -0.17933 -0.14458 -0.11539 -0.09098 -0.07064 -0.05361 -0.03923 -0.02682 -0.01578 -0.00551 0.00449 0.01476 0.02573 0.03789 0.05168 0.06756 0.08594 0.10727 0.13194 0.16035 0.19283 0.22966 0.27108 0.31722 0.36815 0.42382 0.48408 0.54869 0.61726 0.68932 0.76431 0.84158 0.92039 1.00000 
-2.00000 -1.84083 -1.68325 -1.52878 -1.37886 -1.23482 -1.09778 -0.96872 -0.84836 -0.73724 -0.63568 -0.54376 -0.46140 -0.38833 -0.32414 -0.26829 -0.22016 -0.17906 -0.14426 -0.11499 -0.09052 -0.07009 -0.05300 -0.03855 -0.02610 -0.01503 -0.00479 0.00518 0.01537 0.02628 0.03836 0.05208 0.06787 0.08620 0.10748 0.13212 0.16049 0.19294 0.22974 0.27114 0.31727 0.36819 0.42385 0.48411 0.54870 0.61727 0.68933 0.76432 0.84158 0.92040 1.00000 
-2.00000 -1.84083 -1.68324 -1.52877 -1.37885 -1.23480 -1.09777 -0.96870 -0.84833 -0.73721 -0.63563 -0.54370 -0.46132 -0.38823 -0.32401 -0.26814 -0.21997 -0.17884 -0.14398 -0.11467 -0.09013 -0.06966 -0.05251 -0.03802 -0.02554 -0.01447 -0.00423 0.00570 0.01586 0.02671 0.03874 0.05240 0.06815 0.08643 0.10767 0.13226 0.16061 0.19303 0.22982 0.27120 0.31732 0.36822 0.42388 0.48413 0.54872 0.61728 0.68934 0.76432 0.84158 0.92040 1.00000 
-2.00000 -1.84083 -1.68324 -1.52877 -1.37885 -1.23479 -1.09775 -0.96868 -0.84831 -0.73718 -0.63559 -0.54364 -0.46125 -0.38814 -0.32391 -0.26801 -0.21982 -0.17864 -0.14375 -0.11439 -0.08983 -0.06930 -0.05213 -0.03760 -0.02511 -0.01403 -0.00380 0.00612 0.01624 0.02706 0.03905 0.05267 0.06838 0.08662 0.10782 0.13240 0.16071 0.19312 0.22989 0.27126 0.31736 0.36826 0.42390 0.48415 0.54873 0.61729 0.68935 0.76433 0.84159 0.92040 1.00000 
-2.00000 -1.84083 -1.68324 -1.52876 -1.37884 -1.23478 -1.09774 -0.96866 -0.84828 -0.73715 -0.63555 -0.54360 -0.46119 -0.38807 -0.32382 -0.26790 -0.21968 -0.17848 -0.14356 -0.11418 -0.08957 -0.06903 -0.05182 -0.03728 -0.02477 -0.01369 -0.00346 0.00645 0.01655 0.02734 0.03930 0.05289 0.06857 0.08678 0.10796 0.13251 0.16081 0.19319 0.22995 0.27130 0.31740 0.36828 0.42392 0.48416 0.54875 0.61730 0.68935 0.76433 0.84159 0.92040 1.00000 
-2.00000 -1.84083 -1.68323 -1.52876 -1.37883 -1.23477 -1.09773 -0.96864 -0.84827 -0.73712 -0.63552 -0.54356 -0.46114 -0.38801 -0.32374 -0.26780 -0.21957 -0.17834 -0.14341 -0.11400 -0.08938 -0.06880 -0.05158 -0.03702 -0.02451 -0.01342 -0.00320 0.00671 0.01679 0.02757 0.03950 0.05307 0.06872 0.08692 0.10807 0.13260 0.16088 0.19326 0.23000 0.27135 0.31743 0.36831 0.42394 0.48418 0.54876 0.61731 0.68936 0.76434 0.84159 0.92040 1.00000 
-2.00000 -1.84083 -1.68323 -1.52875 -1.37883 -1.23477 -1.09772 -0.96863 -0.84825 -0.73710 -0.63549 -0.54352 -0.46110 -0.38795 -0.32367 -0.26772 -0.21947 -0.17824 -0.14328 -0.11386 -0.08921 -0.06863 -0.05139 -0.03682 -0.02429 -0.01321 -0.00298 0.00690 0.01698 0.02774 0.03966 0.05321 0.06885 0.08703 0.10817 0.13268 0.16095 0.19331 0.23005 0.27138 0.31746 0.36833 0.42396 0.48419 0.54877 0.61732 0.68937 0.76434 0.84160 0.92040 1.00000 
-2.00000 -1.84083 -1.68323 -1.52875 -1.37882 -1.23476 -1.09771 -0.96862 -0.84823 -0.73708 -0.63547 -0.54349 -0.46106 -0.38791 -0.32362 -0.26766 -0.21940 -0.17815 -0.14318 -0.11374 -0.08909 -0.06849 -0.05124 -0.03666 -0.02414 -0.01304 -0.00283 0.00706 0.01713 0.02788 0.03979 0.05333 0.06895 0.08712 0.10824 0.13275 0.16100 0.19336 0.23008 0.27141 0.31748 0.36835 0.42398 0.48421 0.54878 0.61732 0.68937 0.76435 0.84160 0.92040 1.00000 
-2.00000 -1.84082 -1.68323 -1.52875 -1.37882 -1.23475 -1.09770 -0.96861 -0.84822 -0.73706 -0.63544 -0.54347 -0.46103 -0.38787 -0.32357 -0.26760 -0.21933 -0.17808 -0.14310 -0.11365 -0.08898 -0.06838 -0.05112 -0.03654 -0.02401 -0.01292 -0.00270 0.00718 0.01725 0.02799 0.03989 0.05342 0.06904 0.08719 0.10831 0.13280 0.16105 0.19339 0.23011 0.27144 0.31750 0.36837 0.42399 0.48421 0.54878 0.61733 0.68938 0.76435 0.84160 0.92041 1.00000 
-2.00000 -1.84082 -1.68323 -1.52874 -1.37881 -1.23475 -1.09769 -0.96860 -0.84821 -0.73705 -0.63543 -0.54344 -0.46100 -0.38784 -0.32354 -0.26756 -0.21929 -0.17802 -0.14303 -0.11357 -0.08891 -0.06829 -0.05103 -0.03645 -0.02391 -0.01281 -0.00260 0.00728 0.01734 0.02808 0.03997 0.05349 0.06910 0.08725 0.10836 0.13284 0.16109 0.19342 0.23014 0.27146 0.31752 0.36838 0.42400 0.48422 0.54879 0.61733 0.68938 0.76435 0.84160 0.92041 1.00000 
-2.00000 -1.84082 -1.68323 -1.52874 -1.37881 -1.23475 -1.09769 -0.96859 -0.84820 -0.73704 -0.63541 -0.54343 -0.46098 -0.38782 -0.32351 -0.26753 -0.21925 -0.17797 -0.14298 -0.11352 -0.08884 -0.06823 -0.05096 -0.03637 -0.02383 -0.01274 -0.00252 0.00735 0.01741 0.02814 0.04003 0.05355 0.06915 0.08729 0.10840 0.13288 0.16112 0.19345 0.23016 0.27147 0.31753 0.36839 0.42401 0.48423 0.54880 0.61734 0.68938 0.76435 0.84160 0.92041 1.00000 
-2.00000 -1.84082 -1.68322 -1.52874 -1.37881 -1.23474 -1.09768 -0.96859 -0.84819 -0.73703 -0.63540 -0.54341 -0.46097 -0.38780 -0.32349 -0.26750 -0.21922 -0.17794 -0.14294 -0.11348 -0.08880 -0.06817 -0.05091 -0.03632 -0.02378 -0.01268 -0.00247 0.00741 0.01746 0.02819 0.04008 0.05359 0.06919 0.08733 0.10843 0.13290 0.16114 0.19347 0.23018 0.27149 0.31754 0.36840 0.42402 0.48424 0.54880 0.61734 0.68938 0.76436 0.84160 0.92041 1.00000 
-2.00000 -1.84082 -1.68322 -1.52874 -1.37881 -1.23474 -1.09768 -0.96858 -0.84819 -0.73702 -0.63540 -0.54341 -0.46096 -0.38778 -0.32347 -0.26748 -0.21919 -0.17791 -0.14291 -0.11344 -0.08876 -0.06814 -0.05086 -0.03628 -0.02373 -0.01264 -0.00242 0.00745 0.01751 0.02823 0.04011 0.05362 0.06922 0.08735 0.10845 0.13292 0.16116 0.19348 0.23019 0.27150 0.31755 0.36841 0.42402 0.48424 0.54880 0.61734 0.68939 0.76436 0.84160 0.92041 1.00000 
-2.00000 -1.84082 -1.68322 -1.52874 -1.37881 -1.23474 -1.09768 -0.96858 -0.84818 -0.73702 -0.63539 -0.54340 -0.46095 -0.38777 -0.32346 -0.26747 -0.21918 -0.17789 -0.14289 -0.11342 -0.08874 -0.06811 -0.05084 -0.03625 -0.02370 -0.01261 -0.00239 0.00748 0.01753 0.02826 0.04014 0.05365 0.06924 0.08737 0.10847 0.13294 0.16117 0.19349 0.23020 0.27150 0.31756 0.36841 0.42402 0.48424 0.54881 0.61735 0.68939 0.76436 0.84161 0.92041 1.00000 
-2.00000 -1.84082 -1.68322 -1.52874 -1.37880 -1.23474 -1.09768 -0.96858 -0.84818 -0.73701 -0.63539 -0.54339 -0.46094 -0.38776 -0.32345 -0.26746 -0.21916 -0.17788 -0.14288 -0.11341 -0.08872 -0.06809 -0.05082 -0.03623 -0.02368 -0.01259 -0.00237 0.00750 0.01755 0.02828 0.04016 0.05366 0.06926 0.08738 0.10848 0.13295 0.16118 0.19350 0.23020 0.27151 0.31756 0.36842 0.42403 0.48424 0.54881 0.61735 0.68939 0.76436 0.84161 0.92041 1.00000 
-2.00000 -1.84082 -1.68322 -1.52874 -1.37880 -1.23474 -1.09768 -0.96858 -0.84818 -0.73701 -0.63538 -0.54339 -0.46094 -0.38776 -0.32344 -0.26745 -0.21916 -0.17787 -0.14287 -0.11340 -0.08871 -0.06808 -0.05081 -0.03621 -0.02367 -0.01258 -0.00236 0.00751 0.01756 0.02829 0.04017 0.05367 0.06926 0.08739 0.10848 0.13295 0.16118 0.19350 0.23021 0.27151 0.31757 0.36842 0.42403 0.48425 0.54881 0.61735 0.68939 0.76436 0.84161 0.92041 1.00000 
-2.00000 -1.84082 -1.68322 -1.52874 -1.37880 -1.23474 -1.09768 -0.96858 -0.84818 -0.73701 -0.63538 -0.54339 -0.46094 -0.38776 -0.32344 -0.26745 -0.21916 -0.17787 -0.14287 -0.11339 -0.08871 -0.06808 -0.05080 -0.03621 -0.02367 -0.01257 -0.00236 0.00752 0.01757 0.02829 0.04017 0.05367 0.06927 0.08739 0.10849 0.13296 0.16118 0.19350 0.23021 0.27151 0.31757 0.36842 0.42403 0.48425 0.54881 0.61735 0.68939 0.76436 0.84161 0.92041 1.00000 
